600 0 2 0           
24 FBMach with ACIS - 6.0.3 13 ACIS 6.0.3 NT 24 Tue May 22 15:12:50 2001 
1 9.9999999999999995e-007 1e-010 
body $2 $3 $-1 $4 #
bdycol-kcp $-1 1 96 $5 $6 $7 $8 $9 $10 $11 $12 $13 $14 $15 $16 $17 $18 $19 $20 $21 $22 $23 $24 $25 $26 $27 $28 $29 $30 $31 $32 $33 $34 $35 $36 $37 $38 $39 $40 $41 $42 $43 $44 $45 $46 $47 $48 $49 $50 $51 $52 $53 $54 $55 $56 $57 $58 $59 $60 $61 $62 $63 $64 $65 $66 $67 $68 $69 $70 $71 $72 $73 $74 $75 $76 $77 $78 $79 $80 $81 $82 $83 $84 $85 $86 $87 $88 $89 $90 $91 $92 $93 $94 $95 $96 $97 $98 $99 $100 #
model_id-kcp-attrib $-1 $101 $-1 $0 1 990558528 731 -1428488191 1 #
lump $-1 $-1 $102 $0 #
transform $-1 1 3.76158192263132e-037 9.1493212513396993e-012 -2.9650074969343939e-021 1 3.2406857464975768e-010 -9.1493212513396993e-012 -3.2406857464975768e-010 1 0.40280000000000005 -2.0203000000000002 0 1 rotate no_reflect no_shear #
body $103 $104 $-1 $105 #
body $106 $107 $-1 $108 #
body $109 $110 $-1 $111 #
body $112 $113 $-1 $114 #
body $115 $116 $-1 $117 #
body $118 $119 $-1 $120 #
body $121 $122 $-1 $123 #
body $124 $125 $-1 $126 #
body $127 $128 $-1 $129 #
body $130 $131 $-1 $132 #
body $133 $134 $-1 $135 #
body $136 $137 $-1 $138 #
body $139 $140 $-1 $141 #
body $142 $143 $-1 $144 #
body $145 $146 $-1 $147 #
body $148 $149 $-1 $150 #
body $151 $152 $-1 $153 #
body $154 $155 $-1 $156 #
body $157 $158 $-1 $159 #
body $160 $161 $-1 $162 #
body $163 $164 $-1 $165 #
body $166 $167 $-1 $168 #
body $169 $170 $-1 $171 #
body $172 $173 $-1 $174 #
body $175 $176 $-1 $177 #
body $178 $179 $-1 $180 #
body $181 $182 $-1 $183 #
body $184 $185 $-1 $186 #
body $187 $188 $-1 $189 #
body $190 $191 $-1 $192 #
body $193 $194 $-1 $195 #
body $196 $197 $-1 $198 #
body $199 $200 $-1 $201 #
body $202 $203 $-1 $204 #
body $205 $206 $-1 $207 #
body $208 $209 $-1 $210 #
body $211 $212 $-1 $213 #
body $214 $215 $-1 $216 #
body $217 $218 $-1 $219 #
body $220 $221 $-1 $222 #
body $223 $224 $-1 $225 #
body $226 $227 $-1 $228 #
body $229 $230 $-1 $231 #
body $232 $233 $-1 $234 #
body $235 $236 $-1 $237 #
body $238 $239 $-1 $240 #
body $241 $242 $-1 $243 #
body $244 $245 $-1 $246 #
body $247 $248 $-1 $249 #
body $250 $251 $-1 $252 #
body $253 $254 $-1 $255 #
body $256 $257 $-1 $258 #
body $259 $260 $-1 $261 #
body $262 $263 $-1 $264 #
body $265 $266 $-1 $267 #
body $268 $269 $-1 $270 #
body $271 $272 $-1 $273 #
body $274 $275 $-1 $276 #
body $277 $278 $-1 $279 #
body $280 $281 $-1 $282 #
body $283 $284 $-1 $285 #
body $286 $287 $-1 $288 #
body $289 $290 $-1 $291 #
body $292 $293 $-1 $294 #
body $295 $296 $-1 $297 #
body $298 $299 $-1 $300 #
body $301 $302 $-1 $303 #
body $304 $305 $-1 $306 #
body $307 $308 $-1 $309 #
body $310 $311 $-1 $312 #
body $313 $314 $-1 $315 #
body $316 $317 $-1 $318 #
body $319 $320 $-1 $321 #
body $322 $323 $-1 $324 #
body $325 $326 $-1 $327 #
body $328 $329 $-1 $330 #
body $331 $332 $-1 $333 #
body $334 $335 $-1 $336 #
body $337 $338 $-1 $339 #
body $340 $341 $-1 $342 #
body $343 $344 $-1 $345 #
body $346 $347 $-1 $348 #
body $349 $350 $-1 $351 #
body $352 $353 $-1 $354 #
body $355 $356 $-1 $357 #
body $358 $359 $-1 $360 #
body $361 $362 $-1 $363 #
body $364 $365 $-1 $366 #
body $367 $368 $-1 $369 #
body $370 $371 $-1 $372 #
body $373 $374 $-1 $375 #
body $376 $377 $-1 $378 #
body $379 $380 $-1 $381 #
body $382 $383 $-1 $384 #
body $385 $386 $-1 $387 #
body $388 $389 $-1 $390 #
rgb_color-st-attrib $-1 $-1 $2 $0 0 1 0 #
shell $-1 $-1 $-1 $391 $-1 $3 #
model_id-kcp-attrib $-1 $-1 $-1 $5 1 990558528 801 -1440677886 1 #
lump $-1 $-1 $392 $5 #
transform $-1 1 0 0 0 1 0 0 0 1 1.7431833754244508e-011 6.1743166135386218e-010 2.2959999999000513 1 no_rotate no_reflect no_shear #
rgb_color-st-attrib $-1 $393 $-1 $6 1 1 0.5 #
lump $-1 $-1 $394 $6 #
transform $-1 1 0 0 0 -1 3.2406956094263027e-010 0 -3.2406956094263027e-010 -1 -0.40279999997593369 2.0203000008524583 2.6304910660332474 1 rotate no_reflect no_shear #
rgb_color-st-attrib $-1 $395 $-1 $7 1 1 0.5 #
lump $-1 $-1 $396 $7 #
transform $-1 1 0 0 0 -1 3.2406840743667549e-010 0 -3.2406840743667549e-010 -1 -0.40279999996612015 2.0203000012000265 3.7029999993489695 1 rotate no_reflect no_shear #
rgb_color-st-attrib $-1 $397 $-1 $8 0.5 1 1 #
lump $-1 $-1 $398 $8 #
transform $-1 -1 0 -1.2246063538223773e-016 0 1 0 1.2246063538223773e-016 0 -1 1.4266156761421682 0.46343038591079111 2.86868954001958 1 rotate no_reflect no_shear #
rgb_color-st-attrib $-1 $399 $-1 $9 0.5 1 1 #
lump $-1 $-1 $400 $9 #
transform $-1 -1 0 -1.2246063538223773e-016 0 1 0 1.2246063538223773e-016 0 -1 -0.88175878013814746 -1.2134667130371923 2.8686894464864752 1 rotate no_reflect no_shear #
rgb_color-st-attrib $-1 $401 $-1 $10 0.5 1 1 #
lump $-1 $-1 $402 $10 #
transform $-1 -1 0 -1.2246063538223773e-016 0 1 0 1.2246063538223773e-016 0 -1 1.0994213328371976 -0.35722364549743912 3.43675 1 rotate no_reflect no_shear #
rgb_color-st-attrib $-1 $403 $-1 $11 0.5 1 1 #
lump $-1 $-1 $404 $11 #
transform $-1 -1 0 -1.2246063538223773e-016 0 1 0 1.2246063538223773e-016 0 -1 -1.4860258067111778 -0.48283905371085512 3.1607544941114969 1 rotate no_reflect no_shear #
rgb_color-st-attrib $-1 $405 $-1 $12 0.5 1 1 #
lump $-1 $-1 $406 $12 #
transform $-1 -1 0 -1.2246063538223773e-016 0 1 0 1.2246063538223773e-016 0 -1 0 0 3.3630500000000003 1 rotate no_reflect no_shear #
rgb_color-st-attrib $-1 $407 $-1 $13 0.5 1 1 #
lump $-1 $-1 $408 $13 #
transform $-1 -1 0 -1.2246063538223773e-016 0 1 0 1.2246063538223773e-016 0 -1 9.9999999999989014e-005 1.5 2.8684273555839459 1 rotate no_reflect no_shear #
rgb_color-st-attrib $-1 $409 $-1 $14 0.5 1 1 #
lump $-1 $-1 $410 $14 #
transform $-1 -1 0 -1.2246063538223773e-016 0 1 0 1.2246063538223773e-016 0 -1 0.67947975165009922 0.93522364549743919 3.43675 1 rotate no_reflect no_shear #
rgb_color-st-attrib $-1 $411 $-1 $15 0.5 1 1 #
lump $-1 $-1 $412 $15 #
transform $-1 -1 0 -1.2246063538223773e-016 0 1 0 1.2246063538223773e-016 0 -1 -0.67947975165009944 0.93522364549743875 3.43675 1 rotate no_reflect no_shear #
rgb_color-st-attrib $-1 $413 $-1 $16 0.5 1 1 #
lump $-1 $-1 $414 $16 #
transform $-1 -1 0 -1.2246063538223773e-016 0 1 0 1.2246063538223773e-016 0 -1 -1.0994213328371976 -0.3572236454974389 3.43675 1 rotate no_reflect no_shear #
rgb_color-st-attrib $-1 $415 $-1 $17 0.5 1 1 #
lump $-1 $-1 $416 $17 #
transform $-1 -1 0 -1.2246063538223773e-016 0 1 0 1.2246063538223773e-016 0 -1 0 -1.1560000000000001 3.43675 1 rotate no_reflect no_shear #
rgb_color-st-attrib $-1 $417 $-1 $18 0.5 1 1 #
lump $-1 $-1 $418 $18 #
transform $-1 1.020938369127739e-015 -0.64102482378290349 -0.76752014650698097 1 1.5926658863268939e-015 0 1.2224031544102883e-015 -0.76752014650698097 0.64102482378290349 -1.5561141625057007e-017 1.7175879231884488 4.282275228607185 1 rotate no_reflect no_shear #
rgb_color-st-attrib $-1 $419 $-1 $19 0.5 1 1 #
lump $-1 $-1 $420 $19 #
transform $-1 0.60965083576568346 -0.19808756436512348 -0.76752014650698042 0.30901699437494762 0.95105651629515353 0 0.72995503672327466 -0.23717676879580654 0.64102482378290415 -1.6335231866582327 0.53076385759840194 4.2822752286071841 1 rotate no_reflect no_shear #
rgb_color-st-attrib $-1 $421 $-1 $20 0.5 1 1 #
lump $-1 $-1 $422 $20 #
transform $-1 0.37678493777297245 0.5185999762565755 -0.76752014650698042 -0.80901699437494745 0.58778525229247314 0 0.45113702295416142 0.62093684204929667 0.64102482378290415 -1.0095728507658279 -1.3895578191926266 4.2822752286071841 1 rotate no_reflect no_shear #
rgb_color-st-attrib $-1 $423 $-1 $21 0.5 1 1 #
lump $-1 $-1 $424 $21 #
transform $-1 -0.37678493777297239 0.5185999762565755 -0.76752014650698042 -0.80901699437494745 -0.58778525229247303 0 -0.45113702295416136 0.62093684204929667 0.64102482378290415 1.0095728507658275 -1.3895578191926261 4.2822752286071823 1 rotate no_reflect no_shear #
rgb_color-st-attrib $-1 $425 $-1 $22 0.5 1 1 #
lump $-1 $-1 $426 $22 #
transform $-1 -0.60965083576568369 -0.19808756436512301 -0.76752014650698031 0.3090169943749469 -0.95105651629515375 0 -0.72995503672327477 -0.23717676879580599 0.64102482378290404 1.633523186658234 0.53076385759840172 4.2822752286071823 1 rotate no_reflect no_shear #
rgb_color-st-attrib $-1 $427 $-1 $23 0.5 1 1 #
lump $-1 $-1 $428 $23 #
transform $-1 -1 0 -1.2246063538223773e-016 0 1 0 1.2246063538223773e-016 0 -1 0.37669171614306074 -1.1593378933637923 4.2965 1 rotate no_reflect no_shear #
rgb_color-st-attrib $-1 $429 $-1 $24 0.5 1 1 #
lump $-1 $-1 $430 $24 #
transform $-1 -1 0 -1.2246063538223773e-016 0 1 0 1.2246063538223773e-016 0 -1 -0.98619171614306089 -0.71651022254452523 4.2965 1 rotate no_reflect no_shear #
rgb_color-st-attrib $-1 $431 $-1 $25 0.5 1 1 #
lump $-1 $-1 $432 $25 #
transform $-1 -1 0 -1.2246063538223773e-016 0 1 0 1.2246063538223773e-016 0 -1 -0.98619171614306089 0.71651022254452501 4.2965000000000009 1 rotate no_reflect no_shear #
rgb_color-st-attrib $-1 $433 $-1 $26 0.5 1 1 #
lump $-1 $-1 $434 $26 #
transform $-1 -1 0 -1.2246063538223773e-016 0 1 0 1.2246063538223773e-016 0 -1 0.37669171614306096 1.1593378933637926 4.2965 1 rotate no_reflect no_shear #
rgb_color-st-attrib $-1 $435 $-1 $27 0.5 1 1 #
lump $-1 $-1 $436 $27 #
transform $-1 -1 0 -1.2246063538223773e-016 0 1 0 1.2246063538223773e-016 0 -1 1.2190000000000001 0 4.2965 1 rotate no_reflect no_shear #
rgb_color-st-attrib $-1 $437 $-1 $28 0.5 1 1 #
lump $-1 $-1 $438 $28 #
transform $-1 -1 0 -1.2246063538223773e-016 0 1 0 1.2246063538223773e-016 0 -1 -1.4860258067111778 -0.48283905371085512 4.43675 1 rotate no_reflect no_shear #
rgb_color-st-attrib $-1 $439 $-1 $29 0.5 1 1 #
lump $-1 $-1 $440 $29 #
transform $-1 -1 0 -1.2246063538223773e-016 0 1 0 1.2246063538223773e-016 0 -1 -0.91841445670698962 1.2640890537108551 4.43675 1 rotate no_reflect no_shear #
rgb_color-st-attrib $-1 $441 $-1 $30 0.5 1 1 #
lump $-1 $-1 $442 $30 #
transform $-1 -1 0 -1.2246063538223773e-016 0 1 0 1.2246063538223773e-016 0 -1 -0.91841445670698951 1.2640890537108551 3.160746016878742 1 rotate no_reflect no_shear #
rgb_color-st-attrib $-1 $443 $-1 $31 0.5 1 1 #
lump $-1 $-1 $444 $31 #
transform $-1 -1 0 -1.2246063538223773e-016 0 1 0 1.2246063538223773e-016 0 -1 0.9184144567069894 1.2640890537108551 4.43675 1 rotate no_reflect no_shear #
rgb_color-st-attrib $-1 $445 $-1 $32 0.5 1 1 #
lump $-1 $-1 $446 $32 #
transform $-1 -1 0 -1.2246063538223773e-016 0 1 0 1.2246063538223773e-016 0 -1 0.91841445670698951 1.2640890537108551 3.160746016878742 1 rotate no_reflect no_shear #
rgb_color-st-attrib $-1 $447 $-1 $33 0.5 1 1 #
lump $-1 $-1 $448 $33 #
transform $-1 -1 0 -1.2246063538223773e-016 0 1 0 1.2246063538223773e-016 0 -1 1.4860258067111776 -0.48283905371085534 4.4367499999999991 1 rotate no_reflect no_shear #
rgb_color-st-attrib $-1 $449 $-1 $34 0.5 1 1 #
lump $-1 $-1 $450 $34 #
transform $-1 -1 0 -1.2246063538223773e-016 0 1 0 1.2246063538223773e-016 0 -1 1.4860258067111776 -0.48283905371085534 3.1607544941114964 1 rotate no_reflect no_shear #
rgb_color-st-attrib $-1 $451 $-1 $35 0.5 1 1 #
lump $-1 $-1 $452 $35 #
transform $-1 -1 0 -1.2246063538223773e-016 0 1 0 1.2246063538223773e-016 0 -1 0 -1.5625 4.43675 1 rotate no_reflect no_shear #
rgb_color-st-attrib $-1 $453 $-1 $36 0.5 1 1 #
lump $-1 $-1 $454 $36 #
transform $-1 -1 0 -1.2246063538223773e-016 0 1 0 1.2246063538223773e-016 0 -1 1.4664661087022939e-017 -1.5625 3.1607500000000002 1 rotate no_reflect no_shear #
rgb_color-st-attrib $-1 $455 $-1 $37 0.5 1 1 #
lump $-1 $-1 $456 $37 #
transform $-1 -1 0 -1.2246063538223773e-016 0 1 0 1.2246063538223773e-016 0 -1 2.0804361293956486 0.67597467519519716 4.3747499999999988 1 rotate no_reflect no_shear #
rgb_color-st-attrib $-1 $457 $-1 $38 0.5 1 1 #
lump $-1 $-1 $458 $38 #
transform $-1 -1 0 -1.2246063538223773e-016 0 1 0 1.2246063538223773e-016 0 -1 1.2857802393897855 -1.7697246751951972 4.3747500000000006 1 rotate no_reflect no_shear #
rgb_color-st-attrib $-1 $459 $-1 $39 0.5 1 1 #
lump $-1 $-1 $460 $39 #
transform $-1 -1 0 -1.2246063538223773e-016 0 1 0 1.2246063538223773e-016 0 -1 0.88159697673927262 -1.2135842700876505 2.8685999999999998 1 rotate no_reflect no_shear #
rgb_color-st-attrib $-1 $461 $-1 $40 0.5 1 1 #
lump $-1 $-1 $462 $40 #
transform $-1 -1 0 -1.2246063538223773e-016 0 1 0 1.2246063538223773e-016 0 -1 -1.2857802393897855 -1.7697246751951976 4.3747500000000006 1 rotate no_reflect no_shear #
rgb_color-st-attrib $-1 $463 $-1 $41 0.5 1 1 #
lump $-1 $-1 $464 $41 #
transform $-1 -1 0 -1.2246063538223773e-016 0 1 0 1.2246063538223773e-016 0 -1 -2.0804361293956477 0.67597467519519761 4.3747500000000006 1 rotate no_reflect no_shear #
rgb_color-st-attrib $-1 $465 $-1 $42 0.5 1 1 #
lump $-1 $-1 $466 $42 #
transform $-1 -1 0 -1.2246063538223773e-016 0 1 0 1.2246063538223773e-016 0 -1 -1.4265538727432929 0.4636205972140508 2.8685999999999998 1 rotate no_reflect no_shear #
rgb_color-st-attrib $-1 $467 $-1 $43 0.5 1 1 #
lump $-1 $-1 $468 $43 #
transform $-1 -1 0 -1.2246063538223773e-016 0 1 0 1.2246063538223773e-016 0 -1 1.9721522630525295e-031 2.1874999999999996 4.3747500000000006 1 rotate no_reflect no_shear #
rgb_color-st-attrib $-1 $469 $-1 $44 0.5 1 1 #
lump $-1 $-1 $470 $44 #
transform $-1 -3.6412044420930692e-016 -1.1830990412467891e-016 -1 -0.3090169943749474 0.95105651629515353 0 0.95105651629515353 0.3090169943749474 -3.8285889215894375e-016 1.4548155311855253 0.47269822046771459 0.68699999999999994 1 rotate no_reflect no_shear #
rgb_color-st-attrib $-1 $471 $-1 $45 0.5 1 1 #
lump $-1 $-1 $472 $45 #
transform $-1 -2.2503881052006145e-016 3.0973935020415084e-016 -1 0.80901699437494756 0.58778525229247292 0 0.58778525229247292 -0.80901699437494756 -3.8285889215894375e-016 0.89912544546028239 -1.2375400073671226 0.68700000000000006 1 rotate no_reflect no_shear #
rgb_color-st-attrib $-1 $473 $-1 $46 0.5 1 1 #
lump $-1 $-1 $474 $46 #
transform $-1 2.2503881052006155e-016 3.0973935020415079e-016 -1 0.80901699437494734 -0.58778525229247325 0 -0.58778525229247325 -0.80901699437494734 -3.8285889215894375e-016 -0.89912544546028228 -1.237540007367123 0.68700000000000006 1 rotate no_reflect no_shear #
rgb_color-st-attrib $-1 $475 $-1 $47 0.5 1 1 #
lump $-1 $-1 $476 $47 #
transform $-1 3.6412044420930692e-016 -1.1830990412467896e-016 -1 -0.30901699437494751 -0.95105651629515353 0 -0.95105651629515353 0.30901699437494751 -3.8285889215894375e-016 -1.4548155311855251 0.47269822046771515 0.68699999999999983 1 rotate no_reflect no_shear #
rgb_color-st-attrib $-1 $477 $-1 $48 0.5 1 1 #
lump $-1 $-1 $478 $48 #
transform $-1 1 0 0 0 -3.8285889215894375e-016 -1 0 1 -3.8285889215894375e-016 0 1.529683574095819 0.68699999999999994 1 rotate no_reflect no_shear #
rgb_color-st-attrib $-1 $479 $-1 $49 0.5 1 1 #
lump $-1 $-1 $480 $49 #
transform $-1 -3.8285889215894375e-016 0 -1 0 1 0 1 0 -3.8285889215894375e-016 0.8293726898520507 1.5 0.75 1 rotate no_reflect no_shear #
rgb_color-st-attrib $-1 $481 $-1 $50 0.5 1 1 #
lump $-1 $-1 $482 $50 #
transform $-1 -1.1830990412467894e-016 -3.6412044420930692e-016 -1 -0.95105651629515353 0.30901699437494745 0 0.30901699437494745 0.95105651629515353 -3.8285889215894375e-016 -1.1702945186079841 1.2523057926834535 0.74999999999999989 1 rotate no_reflect no_shear #
rgb_color-st-attrib $-1 $483 $-1 $51 0.5 1 1 #
lump $-1 $-1 $484 $51 #
transform $-1 3.0973935020415079e-016 -2.2503881052006155e-016 -1 -0.58778525229247325 -0.80901699437494734 0 -0.80901699437494734 0.58778525229247325 -3.8285889215894375e-016 -1.5526544791994812 -0.72603245581324594 0.74999999999999989 1 rotate no_reflect no_shear #
rgb_color-st-attrib $-1 $485 $-1 $52 0.5 1 1 #
lump $-1 $-1 $486 $52 #
transform $-1 3.0973935020415084e-016 2.2503881052006145e-016 -0.99999999999999989 0.58778525229247303 -0.80901699437494756 0 -0.80901699437494756 -0.58778525229247303 -3.828588921589437e-016 0.21070127767793856 -1.7010185273115959 0.74999999999999956 1 rotate no_reflect no_shear #
rgb_color-st-attrib $-1 $487 $-1 $53 0.5 1 1 #
lump $-1 $-1 $488 $53 #
transform $-1 -1.1830990412467884e-016 3.6412044420930697e-016 -1 0.95105651629515364 0.30901699437494723 0 0.30901699437494723 -0.95105651629515364 -3.8285889215894375e-016 1.6828750302774762 -0.32525480955861141 0.75 1 rotate no_reflect no_shear #
rgb_color-st-attrib $-1 $489 $-1 $54 0.5 1 1 #
lump $-1 $-1 $490 $54 #
transform $-1 -3.8285889215894375e-016 0 -1 0 1 0 1 0 -3.8285889215894375e-016 0.82937268985205093 1.4999999999999996 1.3120000000000001 1 rotate no_reflect no_shear #
rgb_color-st-attrib $-1 $491 $-1 $55 0.5 1 1 #
lump $-1 $-1 $492 $55 #
transform $-1 -1.1830990412467894e-016 -3.6412044420930692e-016 -1 -0.95105651629515353 0.30901699437494745 0 0.30901699437494745 0.95105651629515353 -3.8285889215894375e-016 -1.1702945186079838 1.2523057926834538 1.3120000000000001 1 rotate no_reflect no_shear #
rgb_color-st-attrib $-1 $493 $-1 $56 0.5 1 1 #
lump $-1 $-1 $494 $56 #
transform $-1 3.0973935020415079e-016 -2.2503881052006155e-016 -1 -0.58778525229247325 -0.80901699437494734 0 -0.80901699437494734 0.58778525229247325 -3.8285889215894375e-016 -1.5526544791994812 -0.72603245581324583 1.3119999999999998 1 rotate no_reflect no_shear #
rgb_color-st-attrib $-1 $495 $-1 $57 0.5 1 1 #
lump $-1 $-1 $496 $57 #
transform $-1 3.0973935020415084e-016 2.2503881052006145e-016 -0.99999999999999989 0.58778525229247303 -0.80901699437494756 0 -0.80901699437494756 -0.58778525229247303 -3.828588921589437e-016 0.21070127767793881 -1.7010185273115961 1.3119999999999998 1 rotate no_reflect no_shear #
rgb_color-st-attrib $-1 $497 $-1 $58 0.5 1 1 #
lump $-1 $-1 $498 $58 #
transform $-1 -1.1830990412467884e-016 3.6412044420930697e-016 -1 0.95105651629515364 0.30901699437494723 0 0.30901699437494723 -0.95105651629515364 -3.8285889215894375e-016 1.6828750302774764 -0.32525480955861164 1.3120000000000001 1 rotate no_reflect no_shear #
rgb_color-st-attrib $-1 $499 $-1 $59 0.5 1 1 #
lump $-1 $-1 $500 $59 #
transform $-1 -3.8285889215894375e-016 0 -1 0 1 0 1 0 -3.8285889215894375e-016 1.3104183404398524 1.5 0.75 1 rotate no_reflect no_shear #
rgb_color-st-attrib $-1 $501 $-1 $60 0.5 1 1 #
lump $-1 $-1 $502 $60 #
transform $-1 -1.1830990412467894e-016 -3.6412044420930692e-016 -1 -0.95105651629515353 0.30901699437494745 0 0.30901699437494745 0.95105651629515353 -3.8285889215894375e-016 -1.0216432376958973 1.7098073927265955 0.75 1 rotate no_reflect no_shear #
rgb_color-st-attrib $-1 $503 $-1 $61 0.5 1 1 #
lump $-1 $-1 $504 $61 #
transform $-1 3.0973935020415079e-016 -2.2503881052006155e-016 -1 -0.58778525229247325 -0.80901699437494734 0 -0.80901699437494734 0.58778525229247325 -3.8285889215894375e-016 -1.9418285855951658 -0.44328091671829778 0.75 1 rotate no_reflect no_shear #
rgb_color-st-attrib $-1 $505 $-1 $62 0.5 1 1 #
lump $-1 $-1 $506 $62 #
transform $-1 3.0973935020415084e-016 2.2503881052006145e-016 -0.99999999999999989 0.58778525229247303 -0.80901699437494756 0 -0.80901699437494756 -0.58778525229247303 -3.828588921589437e-016 -0.17847282790684682 -1.9837700658173911 0.74999999999999956 1 rotate no_reflect no_shear #
rgb_color-st-attrib $-1 $507 $-1 $63 0.5 1 1 #
lump $-1 $-1 $508 $63 #
transform $-1 -1.1830990412467884e-016 3.6412044420930697e-016 -1 0.95105651629515364 0.30901699437494723 0 0.30901699437494723 -0.95105651629515364 -3.8285889215894375e-016 1.8315263110695241 -0.78275640923231382 0.74999999999999989 1 rotate no_reflect no_shear #
rgb_color-st-attrib $-1 $509 $-1 $64 0.5 1 1 #
lump $-1 $-1 $510 $64 #
transform $-1 -3.8285889215894375e-016 0 -1 0 1 0 1 0 -3.8285889215894375e-016 1.3104183404398531 1.4999999999999996 1.3120000000000001 1 rotate no_reflect no_shear #
rgb_color-st-attrib $-1 $511 $-1 $65 0.5 1 1 #
lump $-1 $-1 $512 $65 #
transform $-1 -1.1830990412467894e-016 -3.6412044420930692e-016 -1 -0.95105651629515353 0.30901699437494745 0 0.30901699437494745 0.95105651629515353 -3.8285889215894375e-016 -1.0216432376958975 1.7098073927265953 1.3119999999999998 1 rotate no_reflect no_shear #
rgb_color-st-attrib $-1 $513 $-1 $66 0.5 1 1 #
lump $-1 $-1 $514 $66 #
transform $-1 3.0973935020415079e-016 -2.2503881052006155e-016 -1 -0.58778525229247325 -0.80901699437494734 0 -0.80901699437494734 0.58778525229247325 -3.8285889215894375e-016 -1.9418285855951656 -0.44328091671829833 1.3120000000000001 1 rotate no_reflect no_shear #
rgb_color-st-attrib $-1 $515 $-1 $67 0.5 1 1 #
lump $-1 $-1 $516 $67 #
transform $-1 3.0973935020415084e-016 2.2503881052006145e-016 -0.99999999999999989 0.58778525229247303 -0.80901699437494756 0 -0.80901699437494756 -0.58778525229247303 -3.828588921589437e-016 -0.17847282790684657 -1.9837700658173907 1.3119999999999994 1 rotate no_reflect no_shear #
rgb_color-st-attrib $-1 $517 $-1 $68 0.5 1 1 #
lump $-1 $-1 $518 $68 #
transform $-1 -1.1830990412467884e-016 3.6412044420930697e-016 -1 0.95105651629515364 0.30901699437494723 0 0.30901699437494723 -0.95105651629515364 -3.8285889215894375e-016 1.8315263110695246 -0.78275640923231393 1.3120000000000001 1 rotate no_reflect no_shear #
rgb_color-st-attrib $-1 $519 $-1 $69 0.5 1 1 #
lump $-1 $-1 $520 $69 #
transform $-1 0.54551785998577562 -0.17724949735620341 -0.81914155072460637 -0.30901699437494751 -0.95105651629515353 0 -0.77904990958475395 0.25312865997255146 -0.57359142242234329 -0.96717097639621574 0.32087711186864293 4.0721808122741248 1 rotate no_reflect no_shear #
rgb_color-st-attrib $-1 $521 $-1 $70 0.5 1 1 #
lump $-1 $-1 $522 $70 #
transform $-1 0.33714857894131567 0.46404520856737497 -0.81914155072460637 0.80901699437494734 -0.58778525229247325 0 -0.48147932305591051 -0.66269943533485454 -0.57359142242234329 -0.60404453634528377 -0.82067777879980508 4.0721808122741248 1 rotate no_reflect no_shear #
rgb_color-st-attrib $-1 $523 $-1 $71 0.5 1 1 #
lump $-1 $-1 $524 $71 #
transform $-1 -0.33714857894131545 0.46404520856737508 -0.81914155072460637 0.80901699437494756 0.58778525229247292 0 0.48147932305591024 -0.66269943533485465 -0.57359142242234329 0.59385092221615854 -0.82808387297869024 4.0721808122741256 1 rotate no_reflect no_shear #
rgb_color-st-attrib $-1 $525 $-1 $72 0.5 1 1 #
lump $-1 $-1 $526 $72 #
transform $-1 -0.54551785998577562 -0.17724949735620332 -0.81914155072460637 -0.3090169943749474 0.95105651629515353 0 0.77904990958475395 0.25312865997255135 -0.57359142242234329 0.97106459052533922 0.30889379976332348 4.0721808122741248 1 rotate no_reflect no_shear #
rgb_color-st-attrib $-1 $527 $-1 $73 0.5 1 1 #
lump $-1 $-1 $528 $73 #
transform $-1 2.1960457654049107e-016 -0.57359142242234329 -0.81914155072460637 -1 -3.8285889215894375e-016 0 -3.1361562663178201e-016 0.81914155072460637 -0.57359142242234329 0.0062999999999999549 1.0189907401465281 4.0721808122741248 1 rotate no_reflect no_shear #
rgb_color-st-attrib $-1 $529 $-1 $74 0.5 1 1 #
lump $-1 $-1 $530 $74 #
transform $-1 -1 0 -1.2246063538223773e-016 0 1 0 1.2246063538223773e-016 0 -1 -2.1693599136692461 -0.70486776416925445 2.0314999997347387 1 rotate no_reflect no_shear #
rgb_color-st-attrib $-1 $531 $-1 $75 0.5 1 1 #
lump $-1 $-1 $532 $75 #
transform $-1 -1 0 -1.2246063538223773e-016 0 1 0 1.2246063538223773e-016 0 -1 -2.1693599136692461 -0.7048677641692549 4.2975000000000003 1 rotate no_reflect no_shear #
rgb_color-st-attrib $-1 $533 $-1 $76 0.5 1 1 #
lump $-1 $-1 $534 $76 #
transform $-1 -1 0 -1.2246063538223773e-016 0 1 0 1.2246063538223773e-016 0 -1 -1.3407381604791317 1.845367764169255 2.0314999997347392 1 rotate no_reflect no_shear #
rgb_color-st-attrib $-1 $535 $-1 $77 0.5 1 1 #
lump $-1 $-1 $536 $77 #
transform $-1 -1 0 -1.2246063538223773e-016 0 1 0 1.2246063538223773e-016 0 -1 -1.3407381604791317 1.845367764169255 4.2975000000000012 1 rotate no_reflect no_shear #
rgb_color-st-attrib $-1 $537 $-1 $78 0.5 1 1 #
lump $-1 $-1 $538 $78 #
transform $-1 -1 0 -1.2246063538223773e-016 0 1 0 1.2246063538223773e-016 0 -1 1.3407381604791317 1.8453677641692554 2.0314999997347392 1 rotate no_reflect no_shear #
rgb_color-st-attrib $-1 $539 $-1 $79 0.5 1 1 #
lump $-1 $-1 $540 $79 #
transform $-1 -1 0 -1.2246063538223773e-016 0 1 0 1.2246063538223773e-016 0 -1 1.3407381604791313 1.845367764169255 4.2975000000000003 1 rotate no_reflect no_shear #
rgb_color-st-attrib $-1 $541 $-1 $80 0.5 1 1 #
lump $-1 $-1 $542 $80 #
transform $-1 -1 0 -1.2246063538223773e-016 0 1 0 1.2246063538223773e-016 0 -1 2.1693599136692456 -0.70486776416925512 2.0314999997347392 1 rotate no_reflect no_shear #
rgb_color-st-attrib $-1 $543 $-1 $81 0.5 1 1 #
lump $-1 $-1 $544 $81 #
transform $-1 -1 0 -1.2246063538223773e-016 0 1 0 1.2246063538223773e-016 0 -1 2.1693599136692461 -0.70486776416925534 4.2974999999999994 1 rotate no_reflect no_shear #
rgb_color-st-attrib $-1 $545 $-1 $82 0.5 1 1 #
lump $-1 $-1 $546 $82 #
transform $-1 -1 0 -1.2246063538223773e-016 0 1 0 1.2246063538223773e-016 0 -1 2.8655788711927477e-017 -2.2810000000000001 2.03149999973474 1 rotate no_reflect no_shear #
rgb_color-st-attrib $-1 $547 $-1 $83 0.5 1 1 #
lump $-1 $-1 $548 $83 #
transform $-1 -1 0 -1.2246063538223773e-016 0 1 0 1.2246063538223773e-016 0 -1 -6.1230317691168561e-020 -2.2810000000000001 4.2975000000000012 1 rotate no_reflect no_shear #
rgb_color-st-attrib $-1 $549 $-1 $84 0.5 1 1 #
lump $-1 $-1 $550 $84 #
transform $-1 -1 0 -1.2246063538223773e-016 0 1 0 1.2246063538223773e-016 0 -1 -0.88175878013814746 -1.2134667130371923 0.82250000000002543 1 rotate no_reflect no_shear #
rgb_color-st-attrib $-1 $551 $-1 $85 0.5 1 1 #
lump $-1 $-1 $552 $85 #
transform $-1 -1 0 -1.2246063538223773e-016 0 1 0 1.2246063538223773e-016 0 -1 0.88159697673927262 -1.2135842700876505 0.82250000000002521 1 rotate no_reflect no_shear #
rgb_color-st-attrib $-1 $553 $-1 $86 0.5 1 1 #
lump $-1 $-1 $554 $86 #
transform $-1 -1 0 -1.2246063538223773e-016 0 1 0 1.2246063538223773e-016 0 -1 1.4266156761421682 0.46343038591079111 0.82250000000002532 1 rotate no_reflect no_shear #
rgb_color-st-attrib $-1 $555 $-1 $87 0.5 1 1 #
lump $-1 $-1 $556 $87 #
transform $-1 2.19609824086358e-016 -0.57360512863623669 -0.81913195298572394 -1 -3.8285889215894375e-016 0 -3.1361195205210625e-016 0.81913195298572394 -0.57360512863623669 -1.6563726874841189e-016 1.4420286894005234 3.7868475463314777 1 rotate no_reflect no_shear #
rgb_color-st-attrib $-1 $557 $-1 $88 0.5 1 1 #
lump $-1 $-1 $558 $88 #
transform $-1 0.5455308953698127 -0.17725373280922499 -0.81913195298572394 -0.30901699437494751 -0.95105651629515353 0 -0.77904078159264811 0.25312569410812924 -0.57360512863623669 -1.3714507817389285 0.44561137140099411 3.7868475463314764 1 rotate no_reflect no_shear #
rgb_color-st-attrib $-1 $559 $-1 $89 0.5 1 1 #
lump $-1 $-1 $560 $89 #
transform $-1 0.33715663525170697 0.46405629712734325 -0.81913195298572394 0.80901699437494734 -0.58778525229247325 0 -0.48147368164654009 -0.6626916706009911 -0.57360512863623669 -0.84760319701227171 -1.1666257161012568 3.7868475463314768 1 rotate no_reflect no_shear #
rgb_color-st-attrib $-1 $561 $-1 $90 0.5 1 1 #
lump $-1 $-1 $562 $90 #
transform $-1 -0.33715663525170675 0.46405629712734336 -0.81913195298572394 0.80901699437494756 0.58778525229247292 0 0.48147368164653981 -0.66269167060099121 -0.57360512863623669 0.84760319701227127 -1.1666257161012563 3.7868475463314772 1 rotate no_reflect no_shear #
rgb_color-st-attrib $-1 $563 $-1 $91 0.5 1 1 #
lump $-1 $-1 $564 $91 #
transform $-1 -0.5455308953698127 -0.17725373280922493 -0.81913195298572394 -0.3090169943749474 0.95105651629515353 0 0.77904078159264811 0.25312569410812913 -0.57360512863623669 1.3714507817389285 0.44561137140099383 3.7868475463314772 1 rotate no_reflect no_shear #
rgb_color-st-attrib $-1 $565 $-1 $92 0.5 1 1 #
lump $-1 $-1 $566 $92 #
transform $-1 -1 0 -1.2246063538223773e-016 0 1 0 1.2246063538223773e-016 0 -1 2.4651903288156619e-032 0 1.5941000000000001 1 rotate no_reflect no_shear #
rgb_color-st-attrib $-1 $567 $-1 $93 0.5 1 1 #
lump $-1 $-1 $568 $93 #
transform $-1 -1 0 -1.2246063538223773e-016 0 1 0 1.2246063538223773e-016 0 -1 -6.1629758220391547e-033 0 0.12460000000000007 1 rotate no_reflect no_shear #
rgb_color-st-attrib $-1 $569 $-1 $94 0.5 1 1 #
lump $-1 $-1 $570 $94 #
transform $-1 -1 0 -1.2246063538223773e-016 0 1 0 1.2246063538223773e-016 0 -1 9.9999999999988987e-005 1.5 0.82250000000002532 1 rotate no_reflect no_shear #
rgb_color-st-attrib $-1 $571 $-1 $95 0.5 1 1 #
lump $-1 $-1 $572 $95 #
transform $-1 -1 0 -1.2246063538223773e-016 0 1 0 1.2246063538223773e-016 0 -1 -1.4265538727432929 0.4636205972140508 0.82250000000002521 1 rotate no_reflect no_shear #
rgb_color-st-attrib $-1 $573 $-1 $96 0.5 1 1 #
lump $-1 $-1 $574 $96 #
transform $-1 1 0 0 0 1 0 0 0 1 1.7431833754244508e-011 6.1743166135386218e-010 2.2959999999000513 1 no_rotate no_reflect no_shear #
model_id-kcp-attrib $-1 $575 $-1 $97 1 990558528 135154 -1426980770 1 #
lump $-1 $-1 $576 $97 #
transform $-1 1 0 0 0 1 0 0 0 1 1.7431833754244508e-011 6.1743166135386218e-010 2.2959999999000513 1 no_rotate no_reflect no_shear #
model_id-kcp-attrib $-1 $577 $-1 $98 1 990558528 153931 -1437925281 1 #
lump $-1 $-1 $578 $98 #
transform $-1 1 0 0 0 1 0 0 0 1 1.7431833754244508e-011 6.1743166135386218e-010 2.2959999999000513 1 no_rotate no_reflect no_shear #
model_id-kcp-attrib $-1 $579 $-1 $99 1 990558528 155713 -1438580640 1 #
lump $-1 $-1 $580 $99 #
transform $-1 1 0 0 0 1 0 0 0 1 1.7431833754244508e-011 6.1743166135386218e-010 2.2959999999000513 1 no_rotate no_reflect no_shear #
model_id-kcp-attrib $-1 $581 $-1 $100 1 990558528 236449 -1432289183 1 #
lump $-1 $-1 $582 $100 #
transform $-1 1 0 0 0 1 0 0 0 1 1.7431833754244508e-011 6.1743166135386218e-010 2.2959999999000513 1 no_rotate no_reflect no_shear #
face $583 $584 $585 $102 $-1 $586 forward single #
shell $-1 $-1 $-1 $587 $-1 $104 #
model_id-kcp-attrib $-1 $-1 $106 $6 1 990558528 961 -1430192125 1 #
shell $-1 $-1 $-1 $588 $-1 $107 #
model_id-kcp-attrib $-1 $-1 $109 $7 1 990558528 961 -1430192124 1 #
shell $-1 $-1 $-1 $589 $-1 $110 #
model_id-kcp-attrib $-1 $-1 $112 $8 1 990558528 34890 -1437990907 1 #
shell $-1 $-1 $-1 $590 $-1 $113 #
model_id-kcp-attrib $-1 $-1 $115 $9 1 990558528 34900 -1437335546 1 #
shell $-1 $-1 $-1 $591 $-1 $116 #
model_id-kcp-attrib $-1 $-1 $118 $10 1 990558528 34910 -1436680185 1 #
shell $-1 $-1 $-1 $592 $-1 $119 #
model_id-kcp-attrib $-1 $-1 $121 $11 1 990558528 34910 -1436680184 1 #
shell $-1 $-1 $-1 $593 $-1 $122 #
model_id-kcp-attrib $-1 $-1 $124 $12 1 990558528 34910 -1436680183 1 #
shell $-1 $-1 $-1 $594 $-1 $125 #
model_id-kcp-attrib $-1 $-1 $127 $13 1 990558528 34930 -1435369462 1 #
shell $-1 $-1 $-1 $595 $-1 $128 #
model_id-kcp-attrib $-1 $-1 $130 $14 1 990558528 34930 -1435369461 1 #
shell $-1 $-1 $-1 $596 $-1 $131 #
model_id-kcp-attrib $-1 $-1 $133 $15 1 990558528 34940 -1434714100 1 #
shell $-1 $-1 $-1 $597 $-1 $134 #
model_id-kcp-attrib $-1 $-1 $136 $16 1 990558528 34990 -1431437299 1 #
shell $-1 $-1 $-1 $598 $-1 $137 #
model_id-kcp-attrib $-1 $-1 $139 $17 1 990558528 35000 -1430781938 1 #
shell $-1 $-1 $-1 $599 $-1 $140 #
model_id-kcp-attrib $-1 $-1 $142 $18 1 990558528 35020 -1429471217 1 #
shell $-1 $-1 $-1 $600 $-1 $143 #
model_id-kcp-attrib $-1 $-1 $145 $19 1 990558528 35040 -1428160496 1 #
shell $-1 $-1 $-1 $601 $-1 $146 #
model_id-kcp-attrib $-1 $-1 $148 $20 1 990558528 35070 -1426194415 1 #
shell $-1 $-1 $-1 $602 $-1 $149 #
model_id-kcp-attrib $-1 $-1 $151 $21 1 990558528 35090 -1441660910 1 #
shell $-1 $-1 $-1 $603 $-1 $152 #
model_id-kcp-attrib $-1 $-1 $154 $22 1 990558528 35110 -1440350189 1 #
shell $-1 $-1 $-1 $604 $-1 $155 #
model_id-kcp-attrib $-1 $-1 $157 $23 1 990558528 35120 -1439694828 1 #
shell $-1 $-1 $-1 $605 $-1 $158 #
model_id-kcp-attrib $-1 $-1 $160 $24 1 990558528 35130 -1439039467 1 #
shell $-1 $-1 $-1 $606 $-1 $161 #
model_id-kcp-attrib $-1 $-1 $163 $25 1 990558528 35130 -1439039466 1 #
shell $-1 $-1 $-1 $607 $-1 $164 #
model_id-kcp-attrib $-1 $-1 $166 $26 1 990558528 35140 -1438384105 1 #
shell $-1 $-1 $-1 $608 $-1 $167 #
model_id-kcp-attrib $-1 $-1 $169 $27 1 990558528 35140 -1438384104 1 #
shell $-1 $-1 $-1 $609 $-1 $170 #
model_id-kcp-attrib $-1 $-1 $172 $28 1 990558528 35150 -1437728743 1 #
shell $-1 $-1 $-1 $610 $-1 $173 #
model_id-kcp-attrib $-1 $-1 $175 $29 1 990558528 35150 -1437728742 1 #
shell $-1 $-1 $-1 $611 $-1 $176 #
model_id-kcp-attrib $-1 $-1 $178 $30 1 990558528 35160 -1437073381 1 #
shell $-1 $-1 $-1 $612 $-1 $179 #
model_id-kcp-attrib $-1 $-1 $181 $31 1 990558528 35160 -1437073380 1 #
shell $-1 $-1 $-1 $613 $-1 $182 #
model_id-kcp-attrib $-1 $-1 $184 $32 1 990558528 35170 -1436418019 1 #
shell $-1 $-1 $-1 $614 $-1 $185 #
model_id-kcp-attrib $-1 $-1 $187 $33 1 990558528 35170 -1436418018 1 #
shell $-1 $-1 $-1 $615 $-1 $188 #
model_id-kcp-attrib $-1 $-1 $190 $34 1 990558528 35180 -1435762657 1 #
shell $-1 $-1 $-1 $616 $-1 $191 #
model_id-kcp-attrib $-1 $-1 $193 $35 1 990558528 35180 -1435762656 1 #
shell $-1 $-1 $-1 $617 $-1 $194 #
model_id-kcp-attrib $-1 $-1 $196 $36 1 990558528 35190 -1435107295 1 #
shell $-1 $-1 $-1 $618 $-1 $197 #
model_id-kcp-attrib $-1 $-1 $199 $37 1 990558528 35190 -1435107294 1 #
shell $-1 $-1 $-1 $619 $-1 $200 #
model_id-kcp-attrib $-1 $-1 $202 $38 1 990558528 35210 -1433796573 1 #
shell $-1 $-1 $-1 $620 $-1 $203 #
model_id-kcp-attrib $-1 $-1 $205 $39 1 990558528 35220 -1433141212 1 #
shell $-1 $-1 $-1 $621 $-1 $206 #
model_id-kcp-attrib $-1 $-1 $208 $40 1 990558528 35220 -1433141211 1 #
shell $-1 $-1 $-1 $622 $-1 $209 #
model_id-kcp-attrib $-1 $-1 $211 $41 1 990558528 35230 -1432485850 1 #
shell $-1 $-1 $-1 $623 $-1 $212 #
model_id-kcp-attrib $-1 $-1 $214 $42 1 990558528 35260 -1430519769 1 #
shell $-1 $-1 $-1 $624 $-1 $215 #
model_id-kcp-attrib $-1 $-1 $217 $43 1 990558528 35270 -1429864408 1 #
shell $-1 $-1 $-1 $625 $-1 $218 #
model_id-kcp-attrib $-1 $-1 $220 $44 1 990558528 35290 -1428553687 1 #
shell $-1 $-1 $-1 $626 $-1 $221 #
model_id-kcp-attrib $-1 $-1 $223 $45 1 990558528 35300 -1427898326 1 #
shell $-1 $-1 $-1 $627 $-1 $224 #
model_id-kcp-attrib $-1 $-1 $226 $46 1 990558528 35320 -1426587605 1 #
shell $-1 $-1 $-1 $628 $-1 $227 #
model_id-kcp-attrib $-1 $-1 $229 $47 1 990558528 35330 -1442709460 1 #
shell $-1 $-1 $-1 $629 $-1 $230 #
model_id-kcp-attrib $-1 $-1 $232 $48 1 990558528 35350 -1441398739 1 #
shell $-1 $-1 $-1 $630 $-1 $233 #
model_id-kcp-attrib $-1 $-1 $235 $49 1 990558528 35350 -1441398738 1 #
shell $-1 $-1 $-1 $631 $-1 $236 #
model_id-kcp-attrib $-1 $-1 $238 $50 1 990558528 35360 -1440743377 1 #
shell $-1 $-1 $-1 $632 $-1 $239 #
model_id-kcp-attrib $-1 $-1 $241 $51 1 990558528 35360 -1440743376 1 #
shell $-1 $-1 $-1 $633 $-1 $242 #
model_id-kcp-attrib $-1 $-1 $244 $52 1 990558528 35370 -1440088015 1 #
shell $-1 $-1 $-1 $634 $-1 $245 #
model_id-kcp-attrib $-1 $-1 $247 $53 1 990558528 35370 -1440088014 1 #
shell $-1 $-1 $-1 $635 $-1 $248 #
model_id-kcp-attrib $-1 $-1 $250 $54 1 990558528 35380 -1439432653 1 #
shell $-1 $-1 $-1 $636 $-1 $251 #
model_id-kcp-attrib $-1 $-1 $253 $55 1 990558528 35380 -1439432652 1 #
shell $-1 $-1 $-1 $637 $-1 $254 #
model_id-kcp-attrib $-1 $-1 $256 $56 1 990558528 35390 -1438777291 1 #
shell $-1 $-1 $-1 $638 $-1 $257 #
model_id-kcp-attrib $-1 $-1 $259 $57 1 990558528 35390 -1438777290 1 #
shell $-1 $-1 $-1 $639 $-1 $260 #
model_id-kcp-attrib $-1 $-1 $262 $58 1 990558528 35400 -1438121929 1 #
shell $-1 $-1 $-1 $640 $-1 $263 #
model_id-kcp-attrib $-1 $-1 $265 $59 1 990558528 35400 -1438121928 1 #
shell $-1 $-1 $-1 $641 $-1 $266 #
model_id-kcp-attrib $-1 $-1 $268 $60 1 990558528 35410 -1437466567 1 #
shell $-1 $-1 $-1 $642 $-1 $269 #
model_id-kcp-attrib $-1 $-1 $271 $61 1 990558528 35420 -1436811206 1 #
shell $-1 $-1 $-1 $643 $-1 $272 #
model_id-kcp-attrib $-1 $-1 $274 $62 1 990558528 35430 -1436155845 1 #
shell $-1 $-1 $-1 $644 $-1 $275 #
model_id-kcp-attrib $-1 $-1 $277 $63 1 990558528 35440 -1435500484 1 #
shell $-1 $-1 $-1 $645 $-1 $278 #
model_id-kcp-attrib $-1 $-1 $280 $64 1 990558528 35440 -1435500483 1 #
shell $-1 $-1 $-1 $646 $-1 $281 #
model_id-kcp-attrib $-1 $-1 $283 $65 1 990558528 35450 -1434845122 1 #
shell $-1 $-1 $-1 $647 $-1 $284 #
model_id-kcp-attrib $-1 $-1 $286 $66 1 990558528 35460 -1434189761 1 #
shell $-1 $-1 $-1 $648 $-1 $287 #
model_id-kcp-attrib $-1 $-1 $289 $67 1 990558528 35460 -1434189760 1 #
shell $-1 $-1 $-1 $649 $-1 $290 #
model_id-kcp-attrib $-1 $-1 $292 $68 1 990558528 35481 -1432813503 1 #
shell $-1 $-1 $-1 $650 $-1 $293 #
model_id-kcp-attrib $-1 $-1 $295 $69 1 990558528 35481 -1432813502 1 #
shell $-1 $-1 $-1 $651 $-1 $296 #
model_id-kcp-attrib $-1 $-1 $298 $70 1 990558528 35491 -1432158141 1 #
shell $-1 $-1 $-1 $652 $-1 $299 #
model_id-kcp-attrib $-1 $-1 $301 $71 1 990558528 35501 -1431502780 1 #
shell $-1 $-1 $-1 $653 $-1 $302 #
model_id-kcp-attrib $-1 $-1 $304 $72 1 990558528 35501 -1431502779 1 #
shell $-1 $-1 $-1 $654 $-1 $305 #
model_id-kcp-attrib $-1 $-1 $307 $73 1 990558528 35511 -1430847418 1 #
shell $-1 $-1 $-1 $655 $-1 $308 #
model_id-kcp-attrib $-1 $-1 $310 $74 1 990558528 35521 -1430192057 1 #
shell $-1 $-1 $-1 $656 $-1 $311 #
model_id-kcp-attrib $-1 $-1 $313 $75 1 990558528 35521 -1430192056 1 #
shell $-1 $-1 $-1 $657 $-1 $314 #
model_id-kcp-attrib $-1 $-1 $316 $76 1 990558528 35531 -1429536695 1 #
shell $-1 $-1 $-1 $658 $-1 $317 #
model_id-kcp-attrib $-1 $-1 $319 $77 1 990558528 35541 -1428881334 1 #
shell $-1 $-1 $-1 $659 $-1 $320 #
model_id-kcp-attrib $-1 $-1 $322 $78 1 990558528 35541 -1428881333 1 #
shell $-1 $-1 $-1 $660 $-1 $323 #
model_id-kcp-attrib $-1 $-1 $325 $79 1 990558528 35551 -1428225972 1 #
shell $-1 $-1 $-1 $661 $-1 $326 #
model_id-kcp-attrib $-1 $-1 $328 $80 1 990558528 35561 -1427570611 1 #
shell $-1 $-1 $-1 $662 $-1 $329 #
model_id-kcp-attrib $-1 $-1 $331 $81 1 990558528 35561 -1427570610 1 #
shell $-1 $-1 $-1 $663 $-1 $332 #
model_id-kcp-attrib $-1 $-1 $334 $82 1 990558528 35571 -1426915249 1 #
shell $-1 $-1 $-1 $664 $-1 $335 #
model_id-kcp-attrib $-1 $-1 $337 $83 1 990558528 35581 -1426259888 1 #
shell $-1 $-1 $-1 $665 $-1 $338 #
model_id-kcp-attrib $-1 $-1 $340 $84 1 990558528 35601 -1441726383 1 #
shell $-1 $-1 $-1 $666 $-1 $341 #
model_id-kcp-attrib $-1 $-1 $343 $85 1 990558528 35621 -1440415662 1 #
shell $-1 $-1 $-1 $667 $-1 $344 #
model_id-kcp-attrib $-1 $-1 $346 $86 1 990558528 35641 -1439104941 1 #
shell $-1 $-1 $-1 $668 $-1 $347 #
model_id-kcp-attrib $-1 $-1 $349 $87 1 990558528 35651 -1438449580 1 #
shell $-1 $-1 $-1 $669 $-1 $350 #
model_id-kcp-attrib $-1 $-1 $352 $88 1 990558528 35651 -1438449579 1 #
shell $-1 $-1 $-1 $670 $-1 $353 #
model_id-kcp-attrib $-1 $-1 $355 $89 1 990558528 35661 -1437794218 1 #
shell $-1 $-1 $-1 $671 $-1 $356 #
model_id-kcp-attrib $-1 $-1 $358 $90 1 990558528 35661 -1437794217 1 #
shell $-1 $-1 $-1 $672 $-1 $359 #
model_id-kcp-attrib $-1 $-1 $361 $91 1 990558528 35661 -1437794216 1 #
shell $-1 $-1 $-1 $673 $-1 $362 #
model_id-kcp-attrib $-1 $-1 $364 $92 1 990558528 35671 -1437138855 1 #
shell $-1 $-1 $-1 $674 $-1 $365 #
model_id-kcp-attrib $-1 $-1 $367 $93 1 990558528 35681 -1436483494 1 #
shell $-1 $-1 $-1 $675 $-1 $368 #
model_id-kcp-attrib $-1 $-1 $370 $94 1 990558528 35701 -1435172773 1 #
shell $-1 $-1 $-1 $676 $-1 $371 #
model_id-kcp-attrib $-1 $-1 $373 $95 1 990558528 35721 -1433862052 1 #
shell $-1 $-1 $-1 $677 $-1 $374 #
model_id-kcp-attrib $-1 $-1 $376 $96 1 990558528 54408 -1433927587 1 #
shell $-1 $-1 $-1 $678 $-1 $377 #
rgb_color-st-attrib $-1 $-1 $379 $97 0.59999999999999998 0.90000000000000002 1 #
shell $-1 $-1 $-1 $679 $-1 $380 #
rgb_color-st-attrib $-1 $-1 $382 $98 1 0.5 1 #
shell $-1 $-1 $-1 $680 $-1 $383 #
rgb_color-st-attrib $-1 $-1 $385 $99 1 0.5 1 #
shell $-1 $-1 $-1 $681 $-1 $386 #
rgb_color-st-attrib $-1 $-1 $388 $100 0.59999999999999998 0.90000000000000002 1 #
shell $-1 $-1 $-1 $682 $-1 $389 #
model_id-kcp-attrib $-1 $-1 $-1 $391 1 990558528 731 -1428488191 2 #
face $683 $684 $685 $102 $-1 $686 forward single #
loop $-1 $-1 $687 $391 #
cone-surface $-1 2.2574278521650037 1.1559395744879395 -3.9525762290673344e-010 9.1493212513396993e-012 3.2406857464975768e-010 1 0.27038987053460511 -0.83217445196496187 2.6720770471959918e-010 1 I I 0 -1 0.87500000033766012 forward I I I I #
face $688 $689 $690 $392 $-1 $691 forward single #
face $-1 $692 $693 $394 $-1 $694 reversed single #
