600 0 2 0           
24 FBMach with ACIS - 6.0.3 13 ACIS 6.0.3 NT 24 Mon Apr 01 17:06:24 2002 
1 9.9999999999999995e-007 1e-010 
body $2 $3 $-1 $4 #
bdycol-kcp $-1 1 94 $5 $6 $7 $8 $9 $10 $11 $12 $13 $14 $15 $16 $17 $18 $19 $20 $21 $22 $23 $24 $25 $26 $27 $28 $29 $30 $31 $32 $33 $34 $35 $36 $37 $38 $39 $40 $41 $42 $43 $44 $45 $46 $47 $48 $49 $50 $51 $52 $53 $54 $55 $56 $57 $58 $59 $60 $61 $62 $63 $64 $65 $66 $67 $68 $69 $70 $71 $72 $73 $74 $75 $76 $77 $78 $79 $80 $81 $82 $83 $84 $85 $86 $87 $88 $89 $90 $91 $92 $93 $94 $95 $96 $97 $98 #
model_id-kcp-attrib $-1 $99 $-1 $0 1 1017698526 851 72548353 1 #
lump $-1 $-1 $100 $0 #
transform $-1 1 0 0 0 1 0 0 0 1 0 0 0 1 rotate no_reflect no_shear #
body $101 $102 $-1 $103 #
body $104 $105 $-1 $106 #
body $107 $108 $-1 $109 #
body $110 $111 $-1 $112 #
body $113 $114 $-1 $115 #
body $116 $117 $-1 $118 #
body $119 $120 $-1 $121 #
body $122 $123 $-1 $124 #
body $125 $126 $-1 $127 #
body $128 $129 $-1 $130 #
body $131 $132 $-1 $133 #
body $134 $135 $-1 $136 #
body $137 $138 $-1 $139 #
body $140 $141 $-1 $142 #
body $143 $144 $-1 $145 #
body $146 $147 $-1 $148 #
body $149 $150 $-1 $151 #
body $152 $153 $-1 $154 #
body $155 $156 $-1 $157 #
body $158 $159 $-1 $160 #
body $161 $162 $-1 $163 #
body $164 $165 $-1 $166 #
body $167 $168 $-1 $169 #
body $170 $171 $-1 $172 #
body $173 $174 $-1 $175 #
body $176 $177 $-1 $178 #
body $179 $180 $-1 $181 #
body $182 $183 $-1 $184 #
body $185 $186 $-1 $187 #
body $188 $189 $-1 $190 #
body $191 $192 $-1 $193 #
body $194 $195 $-1 $196 #
body $197 $198 $-1 $199 #
body $200 $201 $-1 $202 #
body $203 $204 $-1 $205 #
body $206 $207 $-1 $208 #
body $209 $210 $-1 $211 #
body $212 $213 $-1 $214 #
body $215 $216 $-1 $217 #
body $218 $219 $-1 $220 #
body $221 $222 $-1 $223 #
body $224 $225 $-1 $226 #
body $227 $228 $-1 $229 #
body $230 $231 $-1 $232 #
body $233 $234 $-1 $235 #
body $236 $237 $-1 $238 #
body $239 $240 $-1 $241 #
body $242 $243 $-1 $244 #
body $245 $246 $-1 $247 #
body $248 $249 $-1 $250 #
body $251 $252 $-1 $253 #
body $254 $255 $-1 $256 #
body $257 $258 $-1 $259 #
body $260 $261 $-1 $262 #
body $263 $264 $-1 $265 #
body $266 $267 $-1 $268 #
body $269 $270 $-1 $271 #
body $272 $273 $-1 $274 #
body $275 $276 $-1 $277 #
body $278 $279 $-1 $280 #
body $281 $282 $-1 $283 #
body $284 $285 $-1 $286 #
body $287 $288 $-1 $289 #
body $290 $291 $-1 $292 #
body $293 $294 $-1 $295 #
body $296 $297 $-1 $298 #
body $299 $300 $-1 $301 #
body $302 $303 $-1 $304 #
body $305 $306 $-1 $307 #
body $308 $309 $-1 $310 #
body $311 $312 $-1 $313 #
body $314 $315 $-1 $316 #
body $317 $318 $-1 $319 #
body $320 $321 $-1 $322 #
body $323 $324 $-1 $325 #
body $326 $327 $-1 $328 #
body $329 $330 $-1 $331 #
body $332 $333 $-1 $334 #
body $335 $336 $-1 $337 #
body $338 $339 $-1 $340 #
body $341 $342 $-1 $343 #
body $344 $345 $-1 $346 #
body $347 $348 $-1 $349 #
body $350 $351 $-1 $352 #
body $353 $354 $-1 $355 #
body $356 $357 $-1 $358 #
body $359 $360 $-1 $361 #
body $362 $363 $-1 $364 #
body $365 $366 $-1 $367 #
body $368 $369 $-1 $370 #
body $371 $372 $-1 $373 #
body $374 $375 $-1 $376 #
body $377 $378 $-1 $379 #
body $380 $381 $-1 $382 #
aggregate_advspl_attribute-aggregate_geombuild_base_attribute-aggregate_body_attribute-attrib_HH-attrib $-1 $383 $2 $0 F #
shell $-1 $-1 $-1 $384 $-1 $3 #
model_id-kcp-attrib $-1 $-1 $-1 $5 1 1017698526 901 75825154 1 #
lump $-1 $-1 $385 $5 #
transform $-1 1 0 0 0 1 0 0 0 1 0 0 2.2964038501286659 1 no_rotate no_reflect no_shear #
rgb_color-st-attrib $-1 $386 $-1 $6 1 1 0.5 #
lump $-1 $-1 $387 $6 #
transform $-1 1 0 0 0 -1 0 0 0 -1 0 0 3.2311377419354859 1 rotate no_reflect no_shear #
rgb_color-st-attrib $-1 $388 $-1 $7 1 1 0.5 #
lump $-1 $-1 $389 $7 #
transform $-1 1 0 0 0 -1 0 0 0 -1 -2.7755575615628914e-017 0 3.7029999999999998 1 rotate no_reflect no_shear #
rgb_color-st-attrib $-1 $390 $-1 $8 0.5 1 1 #
lump $-1 $-1 $391 $8 #
transform $-1 -1 0 -1.2246063538223773e-016 0 1 0 1.2246063538223773e-016 0 -1 0.67947975165009922 0.93522364549743919 3.43675 1 rotate no_reflect no_shear #
rgb_color-st-attrib $-1 $392 $-1 $9 0.5 1 1 #
lump $-1 $-1 $393 $9 #
transform $-1 -1 0 -1.2246063538223773e-016 0 1 0 1.2246063538223773e-016 0 -1 -0.67947975165009944 0.93522364549743875 3.43675 1 rotate no_reflect no_shear #
rgb_color-st-attrib $-1 $394 $-1 $10 0.5 1 1 #
lump $-1 $-1 $395 $10 #
transform $-1 -1 0 -1.2246063538223773e-016 0 1 0 1.2246063538223773e-016 0 -1 -1.0994213328371976 -0.3572236454974389 3.43675 1 rotate no_reflect no_shear #
rgb_color-st-attrib $-1 $396 $-1 $11 0.5 1 1 #
lump $-1 $-1 $397 $11 #
transform $-1 -1 0 -1.2246063538223773e-016 0 1 0 1.2246063538223773e-016 0 -1 9.8607613152626476e-032 -1.1560000000000001 3.43675 1 rotate no_reflect no_shear #
rgb_color-st-attrib $-1 $398 $-1 $12 0.5 1 1 #
lump $-1 $-1 $399 $12 #
transform $-1 -1 0 -1.2246063538223773e-016 0 1 0 1.2246063538223773e-016 0 -1 1.0994213328371976 -0.35722364549743912 3.43675 1 rotate no_reflect no_shear #
rgb_color-st-attrib $-1 $400 $-1 $13 0.5 1 1 #
lump $-1 $-1 $401 $13 #
transform $-1 1.020938369127739e-015 -0.64102482378290349 -0.76752014650698097 1 1.5926658863268939e-015 0 1.2224031544102883e-015 -0.76752014650698097 0.64102482378290349 -1.5561141625056218e-017 1.7175879231884479 4.2822752286071841 1 rotate no_reflect no_shear #
rgb_color-st-attrib $-1 $402 $-1 $14 0.5 1 1 #
lump $-1 $-1 $403 $14 #
transform $-1 0.60965083576568346 -0.19808756436512348 -0.76752014650698042 0.30901699437494762 0.95105651629515353 0 0.72995503672327466 -0.23717676879580654 0.64102482378290415 -1.6335231866582327 0.53076385759840194 4.2822752286071841 1 rotate no_reflect no_shear #
rgb_color-st-attrib $-1 $404 $-1 $15 0.5 1 1 #
lump $-1 $-1 $405 $15 #
transform $-1 0.37678493777297245 0.5185999762565755 -0.76752014650698042 -0.80901699437494745 0.58778525229247314 0 0.45113702295416142 0.62093684204929667 0.64102482378290415 -1.0095728507658281 -1.3895578191926268 4.2822752286071841 1 rotate no_reflect no_shear #
rgb_color-st-attrib $-1 $406 $-1 $16 0.5 1 1 #
lump $-1 $-1 $407 $16 #
transform $-1 -0.37678493777297239 0.5185999762565755 -0.76752014650698042 -0.80901699437494745 -0.58778525229247303 0 -0.45113702295416136 0.62093684204929667 0.64102482378290415 1.0095728507658279 -1.3895578191926266 4.2822752286071841 1 rotate no_reflect no_shear #
rgb_color-st-attrib $-1 $408 $-1 $17 0.5 1 1 #
lump $-1 $-1 $409 $17 #
transform $-1 -0.60965083576568302 -0.19808756436512281 -0.76752014650698086 0.3090169943749469 -0.95105651629515375 0 -0.72995503672327533 -0.23717676879580615 0.64102482378290337 1.633523186658234 0.53076385759840194 4.2822752286071832 1 rotate no_reflect no_shear #
rgb_color-st-attrib $-1 $410 $-1 $18 0.5 1 1 #
lump $-1 $-1 $411 $18 #
transform $-1 -1 0 -1.2246063538223773e-016 0 1 0 1.2246063538223773e-016 0 -1 0.37669171614306074 -1.1593378933637923 4.2965 1 rotate no_reflect no_shear #
rgb_color-st-attrib $-1 $412 $-1 $19 0.5 1 1 #
lump $-1 $-1 $413 $19 #
transform $-1 -1 0 -1.2246063538223773e-016 0 1 0 1.2246063538223773e-016 0 -1 -0.98619171614306089 -0.71651022254452523 4.2965 1 rotate no_reflect no_shear #
rgb_color-st-attrib $-1 $414 $-1 $20 0.5 1 1 #
lump $-1 $-1 $415 $20 #
transform $-1 -1 0 -1.2246063538223773e-016 0 1 0 1.2246063538223773e-016 0 -1 -0.98619171614306089 0.71651022254452501 4.2965 1 rotate no_reflect no_shear #
rgb_color-st-attrib $-1 $416 $-1 $21 0.5 1 1 #
lump $-1 $-1 $417 $21 #
transform $-1 -1 0 -1.2246063538223773e-016 0 1 0 1.2246063538223773e-016 0 -1 0.37669171614306096 1.1593378933637926 4.2965 1 rotate no_reflect no_shear #
rgb_color-st-attrib $-1 $418 $-1 $22 0.5 1 1 #
lump $-1 $-1 $419 $22 #
transform $-1 -1 0 -1.2246063538223773e-016 0 1 0 1.2246063538223773e-016 0 -1 1.2190000000000001 0 4.2965 1 rotate no_reflect no_shear #
rgb_color-st-attrib $-1 $420 $-1 $23 0.5 1 1 #
lump $-1 $-1 $421 $23 #
transform $-1 -1 0 -1.2246063538223773e-016 0 1 0 1.2246063538223773e-016 0 -1 -1.4860258067111778 -0.48283905371085512 4.43675 1 rotate no_reflect no_shear #
rgb_color-st-attrib $-1 $422 $-1 $24 0.5 1 1 #
lump $-1 $-1 $423 $24 #
transform $-1 -1 0 -1.2246063538223773e-016 0 1 0 1.2246063538223773e-016 0 -1 -1.4860258067111778 -0.48283905371085512 3.1607544941114969 1 rotate no_reflect no_shear #
rgb_color-st-attrib $-1 $424 $-1 $25 0.5 1 1 #
lump $-1 $-1 $425 $25 #
transform $-1 -1 0 -1.2246063538223773e-016 0 1 0 1.2246063538223773e-016 0 -1 -0.91841445670698962 1.2640890537108551 4.43675 1 rotate no_reflect no_shear #
rgb_color-st-attrib $-1 $426 $-1 $26 0.5 1 1 #
lump $-1 $-1 $427 $26 #
transform $-1 -1 0 -1.2246063538223773e-016 0 1 0 1.2246063538223773e-016 0 -1 -0.91841445670698951 1.2640890537108551 3.160746016878742 1 rotate no_reflect no_shear #
rgb_color-st-attrib $-1 $428 $-1 $27 0.5 1 1 #
lump $-1 $-1 $429 $27 #
transform $-1 -1 0 -1.2246063538223773e-016 0 1 0 1.2246063538223773e-016 0 -1 0.9184144567069894 1.2640890537108551 4.43675 1 rotate no_reflect no_shear #
rgb_color-st-attrib $-1 $430 $-1 $28 0.5 1 1 #
lump $-1 $-1 $431 $28 #
transform $-1 -1 0 -1.2246063538223773e-016 0 1 0 1.2246063538223773e-016 0 -1 0.91841445670698951 1.2640890537108551 3.160746016878742 1 rotate no_reflect no_shear #
rgb_color-st-attrib $-1 $432 $-1 $29 0.5 1 1 #
lump $-1 $-1 $433 $29 #
transform $-1 -1 0 -1.2246063538223773e-016 0 1 0 1.2246063538223773e-016 0 -1 1.4860258067111776 -0.48283905371085534 4.43675 1 rotate no_reflect no_shear #
rgb_color-st-attrib $-1 $434 $-1 $30 0.5 1 1 #
lump $-1 $-1 $435 $30 #
transform $-1 -1 0 -1.2246063538223773e-016 0 1 0 1.2246063538223773e-016 0 -1 1.4860258067111776 -0.48283905371085534 3.1607544941114964 1 rotate no_reflect no_shear #
rgb_color-st-attrib $-1 $436 $-1 $31 0.5 1 1 #
lump $-1 $-1 $437 $31 #
transform $-1 -1 0 -1.2246063538223773e-016 0 1 0 1.2246063538223773e-016 0 -1 0 -1.5625 4.43675 1 rotate no_reflect no_shear #
rgb_color-st-attrib $-1 $438 $-1 $32 0.5 1 1 #
lump $-1 $-1 $439 $32 #
transform $-1 -1 0 -1.2246063538223773e-016 0 1 0 1.2246063538223773e-016 0 -1 1.4664661087022939e-017 -1.5625 3.1607500000000002 1 rotate no_reflect no_shear #
rgb_color-st-attrib $-1 $440 $-1 $33 0.5 1 1 #
lump $-1 $-1 $441 $33 #
transform $-1 -1 0 -1.2246063538223773e-016 0 1 0 1.2246063538223773e-016 0 -1 2.0804361293956486 0.67597467519519716 4.3747500000000006 1 rotate no_reflect no_shear #
rgb_color-st-attrib $-1 $442 $-1 $34 0.5 1 1 #
lump $-1 $-1 $443 $34 #
transform $-1 -1 0 -1.2246063538223773e-016 0 1 0 1.2246063538223773e-016 0 -1 1.4266156761421682 0.46343038591079111 2.8685999999999998 1 rotate no_reflect no_shear #
rgb_color-st-attrib $-1 $444 $-1 $35 0.5 1 1 #
lump $-1 $-1 $445 $35 #
transform $-1 -1 0 -1.2246063538223773e-016 0 1 0 1.2246063538223773e-016 0 -1 1.2857802393897855 -1.7697246751951972 4.3747500000000006 1 rotate no_reflect no_shear #
rgb_color-st-attrib $-1 $446 $-1 $36 0.5 1 1 #
lump $-1 $-1 $447 $36 #
transform $-1 -1 0 -1.2246063538223773e-016 0 1 0 1.2246063538223773e-016 0 -1 0.88159697673927262 -1.2135842700876505 2.8685999999999998 1 rotate no_reflect no_shear #
rgb_color-st-attrib $-1 $448 $-1 $37 0.5 1 1 #
lump $-1 $-1 $449 $37 #
transform $-1 -1 0 -1.2246063538223773e-016 0 1 0 1.2246063538223773e-016 0 -1 -1.2857802393897855 -1.7697246751951976 4.3747500000000006 1 rotate no_reflect no_shear #
rgb_color-st-attrib $-1 $450 $-1 $38 0.5 1 1 #
lump $-1 $-1 $451 $38 #
transform $-1 -1 0 -1.2246063538223773e-016 0 1 0 1.2246063538223773e-016 0 -1 -0.88175878013814746 -1.2134667130371923 2.8686000000000007 1 rotate no_reflect no_shear #
rgb_color-st-attrib $-1 $452 $-1 $39 0.5 1 1 #
lump $-1 $-1 $453 $39 #
transform $-1 -1 0 -1.2246063538223773e-016 0 1 0 1.2246063538223773e-016 0 -1 -2.0804361293956477 0.67597467519519761 4.3747500000000006 1 rotate no_reflect no_shear #
rgb_color-st-attrib $-1 $454 $-1 $40 0.5 1 1 #
lump $-1 $-1 $455 $40 #
transform $-1 -1 0 -1.2246063538223773e-016 0 1 0 1.2246063538223773e-016 0 -1 -1.4265538727432929 0.4636205972140508 2.8685999999999998 1 rotate no_reflect no_shear #
rgb_color-st-attrib $-1 $456 $-1 $41 0.5 1 1 #
lump $-1 $-1 $457 $41 #
transform $-1 -1 0 -1.2246063538223773e-016 0 1 0 1.2246063538223773e-016 0 -1 1.9721522630525295e-031 2.1874999999999996 4.3747500000000006 1 rotate no_reflect no_shear #
rgb_color-st-attrib $-1 $458 $-1 $42 0.5 1 1 #
lump $-1 $-1 $459 $42 #
transform $-1 -1 0 -1.2246063538223773e-016 0 1 0 1.2246063538223773e-016 0 -1 9.9999999999988987e-005 1.5 2.8686000000000007 1 rotate no_reflect no_shear #
rgb_color-st-attrib $-1 $460 $-1 $43 0.5 1 1 #
lump $-1 $-1 $461 $43 #
transform $-1 -3.6412044420930692e-016 -1.1830990412467891e-016 -1 -0.3090169943749474 0.95105651629515353 0 0.95105651629515353 0.3090169943749474 -3.8285889215894375e-016 1.4548154616693267 0.47269819788053247 0.68700000000000006 1 rotate no_reflect no_shear #
rgb_color-st-attrib $-1 $462 $-1 $44 0.5 1 1 #
lump $-1 $-1 $463 $44 #
transform $-1 -2.2503881052006145e-016 3.0973935020415084e-016 -1 0.80901699437494756 0.58778525229247292 0 0.58778525229247292 -0.80901699437494756 -3.8285889215894375e-016 0.89912540249690887 -1.2375399482331118 0.68700000000000006 1 rotate no_reflect no_shear #
rgb_color-st-attrib $-1 $464 $-1 $45 0.5 1 1 #
lump $-1 $-1 $465 $45 #
transform $-1 2.2503881052006155e-016 3.0973935020415079e-016 -1 0.80901699437494734 -0.58778525229247325 0 -0.58778525229247325 -0.80901699437494734 -3.8285889215894375e-016 -0.89912540249690864 -1.2375399482331122 0.68699999999999994 1 rotate no_reflect no_shear #
rgb_color-st-attrib $-1 $466 $-1 $46 0.5 1 1 #
lump $-1 $-1 $467 $46 #
transform $-1 3.6412044420930692e-016 -1.1830990412467896e-016 -1 -0.30901699437494751 -0.95105651629515353 0 -0.95105651629515353 0.30901699437494751 -3.8285889215894375e-016 -1.4548154616693261 0.47269819788053286 0.68699999999999994 1 rotate no_reflect no_shear #
rgb_color-st-attrib $-1 $468 $-1 $47 0.5 1 1 #
lump $-1 $-1 $469 $47 #
transform $-1 1 0 0 0 -3.8285889215894375e-016 -1 0 1 -3.8285889215894375e-016 0 1.5296835010021617 0.68700000000000006 1 rotate no_reflect no_shear #
rgb_color-st-attrib $-1 $470 $-1 $48 0.5 1 1 #
lump $-1 $-1 $471 $48 #
transform $-1 -3.8285889215894375e-016 0 -1 0 1 0 1 0 -3.8285889215894375e-016 0.82981228059175505 1.5 0.75 1 rotate no_reflect no_shear #
rgb_color-st-attrib $-1 $472 $-1 $49 0.5 1 1 #
lump $-1 $-1 $473 $49 #
transform $-1 -1.1830990412467894e-016 -3.6412044420930692e-016 -1 -0.95105651629515353 0.30901699437494745 0 0.30901699437494745 0.95105651629515353 -3.8285889215894375e-016 -1.1701586775988457 1.2527238683209523 0.74999999999999989 1 rotate no_reflect no_shear #
rgb_color-st-attrib $-1 $474 $-1 $50 0.5 1 1 #
lump $-1 $-1 $475 $50 #
transform $-1 3.0973935020415079e-016 -2.2503881052006155e-016 -1 -0.58778525229247325 -0.80901699437494734 0 -0.80901699437494734 0.58778525229247325 -3.8285889215894375e-016 -1.5530101155784719 -0.72577407085940315 0.74999999999999989 1 rotate no_reflect no_shear #
rgb_color-st-attrib $-1 $476 $-1 $51 0.5 1 1 #
lump $-1 $-1 $477 $51 #
transform $-1 3.0973935020415084e-016 2.2503881052006145e-016 -0.99999999999999989 0.58778525229247303 -0.80901699437494756 0 -0.80901699437494756 -0.58778525229247303 -3.828588921589437e-016 0.21034564129894773 -1.7012769122654388 0.74999999999999944 1 rotate no_reflect no_shear #
rgb_color-st-attrib $-1 $478 $-1 $52 0.5 1 1 #
lump $-1 $-1 $479 $52 #
transform $-1 -1.1830990412467884e-016 3.6412044420930697e-016 -1 0.95105651629515364 0.30901699437494723 0 0.30901699437494723 -0.95105651629515364 -3.8285889215894375e-016 1.6830108712866148 -0.32567288519611026 0.75 1 rotate no_reflect no_shear #
rgb_color-st-attrib $-1 $480 $-1 $53 0.5 1 1 #
lump $-1 $-1 $481 $53 #
transform $-1 -3.8285889215894375e-016 0 -1 0 1 0 1 0 -3.8285889215894375e-016 0.82981228059175527 1.4999999999999996 1.3120000000000003 1 rotate no_reflect no_shear #
rgb_color-st-attrib $-1 $482 $-1 $54 0.5 1 1 #
lump $-1 $-1 $483 $54 #
transform $-1 -1.1830990412467894e-016 -3.6412044420930692e-016 -1 -0.95105651629515353 0.30901699437494745 0 0.30901699437494745 0.95105651629515353 -3.8285889215894375e-016 -1.1701586775988455 1.2527238683209521 1.3120000000000001 1 rotate no_reflect no_shear #
rgb_color-st-attrib $-1 $484 $-1 $55 0.5 1 1 #
lump $-1 $-1 $485 $55 #
transform $-1 3.0973935020415079e-016 -2.2503881052006155e-016 -1 -0.58778525229247325 -0.80901699437494734 0 -0.80901699437494734 0.58778525229247325 -3.8285889215894375e-016 -1.5530101155784719 -0.72577407085940326 1.3119999999999998 1 rotate no_reflect no_shear #
rgb_color-st-attrib $-1 $486 $-1 $56 0.5 1 1 #
lump $-1 $-1 $487 $56 #
transform $-1 3.0973935020415084e-016 2.2503881052006145e-016 -0.99999999999999989 0.58778525229247303 -0.80901699437494756 0 -0.80901699437494756 -0.58778525229247303 -3.828588921589437e-016 0.21034564129894798 -1.7012769122654385 1.3119999999999998 1 rotate no_reflect no_shear #
rgb_color-st-attrib $-1 $488 $-1 $57 0.5 1 1 #
lump $-1 $-1 $489 $57 #
transform $-1 -1.1830990412467884e-016 3.6412044420930697e-016 -1 0.95105651629515364 0.30901699437494723 0 0.30901699437494723 -0.95105651629515364 -3.8285889215894375e-016 1.683010871286615 -0.32567288519611071 1.3120000000000001 1 rotate no_reflect no_shear #
rgb_color-st-attrib $-1 $490 $-1 $58 0.5 1 1 #
lump $-1 $-1 $491 $58 #
transform $-1 -3.8285889215894375e-016 0 -1 0 1 0 1 0 -3.8285889215894375e-016 1.3101105670344915 1.5 0.75 1 rotate no_reflect no_shear #
rgb_color-st-attrib $-1 $492 $-1 $59 0.5 1 1 #
lump $-1 $-1 $493 $59 #
transform $-1 -1.1830990412467894e-016 -3.6412044420930692e-016 -1 -0.95105651629515353 0.30901699437494745 0 0.30901699437494745 0.95105651629515353 -3.8285889215894375e-016 -1.0217383449089072 1.7095146828228478 0.75 1 rotate no_reflect no_shear #
rgb_color-st-attrib $-1 $494 $-1 $60 0.5 1 1 #
lump $-1 $-1 $495 $60 #
transform $-1 3.0973935020415079e-016 -2.2503881052006155e-016 -1 -0.58778525229247325 -0.80901699437494734 0 -0.80901699437494734 0.58778525229247325 -3.8285889215894375e-016 -1.9415795916798124 -0.44346182138701656 0.75 1 rotate no_reflect no_shear #
rgb_color-st-attrib $-1 $496 $-1 $61 0.5 1 1 #
lump $-1 $-1 $497 $61 #
transform $-1 3.0973935020415084e-016 2.2503881052006145e-016 -0.99999999999999989 0.58778525229247303 -0.80901699437494756 0 -0.80901699437494756 -0.58778525229247303 -3.828588921589437e-016 -0.17822383399005393 -1.9835891611476264 0.74999999999999956 1 rotate no_reflect no_shear #
rgb_color-st-attrib $-1 $498 $-1 $62 0.5 1 1 #
lump $-1 $-1 $499 $62 #
transform $-1 -1.1830990412467884e-016 3.6412044420930697e-016 -1 0.95105651629515364 0.30901699437494723 0 0.30901699437494723 -0.95105651629515364 -3.8285889215894375e-016 1.8314312038563014 -0.78246369932791127 0.74999999999999989 1 rotate no_reflect no_shear #
rgb_color-st-attrib $-1 $500 $-1 $63 0.5 1 1 #
lump $-1 $-1 $501 $63 #
transform $-1 -3.8285889215894375e-016 0 -1 0 1 0 1 0 -3.8285889215894375e-016 1.3101105670344921 1.4999999999999996 1.3120000000000001 1 rotate no_reflect no_shear #
rgb_color-st-attrib $-1 $502 $-1 $64 0.5 1 1 #
lump $-1 $-1 $503 $64 #
transform $-1 -1.1830990412467894e-016 -3.6412044420930692e-016 -1 -0.95105651629515353 0.30901699437494745 0 0.30901699437494745 0.95105651629515353 -3.8285889215894375e-016 -1.0217383449089075 1.709514682822848 1.3119999999999998 1 rotate no_reflect no_shear #
rgb_color-st-attrib $-1 $504 $-1 $65 0.5 1 1 #
lump $-1 $-1 $505 $65 #
transform $-1 3.0973935020415079e-016 -2.2503881052006155e-016 -1 -0.58778525229247325 -0.80901699437494734 0 -0.80901699437494734 0.58778525229247325 -3.8285889215894375e-016 -1.9415795916798124 -0.44346182138701701 1.3120000000000001 1 rotate no_reflect no_shear #
rgb_color-st-attrib $-1 $506 $-1 $66 0.5 1 1 #
lump $-1 $-1 $507 $66 #
transform $-1 3.0973935020415084e-016 2.2503881052006145e-016 -0.99999999999999989 0.58778525229247303 -0.80901699437494756 0 -0.80901699437494756 -0.58778525229247303 -3.828588921589437e-016 -0.17822383399005368 -1.9835891611476262 1.3119999999999994 1 rotate no_reflect no_shear #
rgb_color-st-attrib $-1 $508 $-1 $67 0.5 1 1 #
lump $-1 $-1 $509 $67 #
transform $-1 -1.1830990412467884e-016 3.6412044420930697e-016 -1 0.95105651629515364 0.30901699437494723 0 0.30901699437494723 -0.95105651629515364 -3.8285889215894375e-016 1.8314312038563016 -0.78246369932791138 1.3120000000000001 1 rotate no_reflect no_shear #
rgb_color-st-attrib $-1 $510 $-1 $68 0.5 1 1 #
lump $-1 $-1 $511 $68 #
transform $-1 0.54551785998577562 -0.17724949735620341 -0.81914155072460637 -0.30901699437494751 -0.95105651629515353 0 -0.77904990958475395 0.25312865997255146 -0.57359142242234329 -0.96750366304938695 0.32098520831493205 4.0719358649244546 1 rotate no_reflect no_shear #
rgb_color-st-attrib $-1 $512 $-1 $69 0.5 1 1 #
lump $-1 $-1 $513 $69 #
transform $-1 0.33714857894131567 0.46404520856737497 -0.81914155072460637 0.80901699437494734 -0.58778525229247325 0 -0.48147932305591051 -0.66269943533485454 -0.57359142242234329 -0.60425014800454713 -0.82096077897025332 4.0719358649244546 1 rotate no_reflect no_shear #
rgb_color-st-attrib $-1 $514 $-1 $70 0.5 1 1 #
lump $-1 $-1 $515 $70 #
transform $-1 -0.33714857894131545 0.46404520856737508 -0.81914155072460637 0.80901699437494756 0.58778525229247292 0 0.48147932305591024 -0.66269943533485465 -0.57359142242234329 0.59405653387542212 -0.8283668731491387 4.0719358649244555 1 rotate no_reflect no_shear #
rgb_color-st-attrib $-1 $516 $-1 $71 0.5 1 1 #
lump $-1 $-1 $517 $71 #
transform $-1 -0.54551785998577562 -0.17724949735620332 -0.81914155072460637 -0.3090169943749474 0.95105651629515353 0 0.77904990958475395 0.25312865997255135 -0.57359142242234329 0.97139727717851065 0.3090018962096126 4.0719358649244546 1 rotate no_reflect no_shear #
rgb_color-st-attrib $-1 $518 $-1 $72 0.5 1 1 #
lump $-1 $-1 $519 $72 #
transform $-1 2.1960457654049107e-016 -0.57359142242234329 -0.81914155072460637 -1 -3.8285889215894375e-016 0 -3.1361562663178201e-016 0.81914155072460637 -0.57359142242234329 0.0062999999999999549 1.0193405475948463 4.0719358649244546 1 rotate no_reflect no_shear #
rgb_color-st-attrib $-1 $520 $-1 $73 0.5 1 1 #
lump $-1 $-1 $521 $73 #
transform $-1 -1 0 -1.2246063538223773e-016 0 1 0 1.2246063538223773e-016 0 -1 -2.1693599136692461 -0.70486776416925445 2.0314999997347387 1 rotate no_reflect no_shear #
rgb_color-st-attrib $-1 $522 $-1 $74 0.5 1 1 #
lump $-1 $-1 $523 $74 #
transform $-1 -1 0 -1.2246063538223773e-016 0 1 0 1.2246063538223773e-016 0 -1 -2.1693599136692461 -0.7048677641692549 4.297115100982114 1 rotate no_reflect no_shear #
rgb_color-st-attrib $-1 $524 $-1 $75 0.5 1 1 #
lump $-1 $-1 $525 $75 #
transform $-1 -1 0 -1.2246063538223773e-016 0 1 0 1.2246063538223773e-016 0 -1 -1.3407381604791317 1.845367764169255 2.0314999997347392 1 rotate no_reflect no_shear #
rgb_color-st-attrib $-1 $526 $-1 $76 0.5 1 1 #
lump $-1 $-1 $527 $76 #
transform $-1 -1 0 -1.2246063538223773e-016 0 1 0 1.2246063538223773e-016 0 -1 -1.3407381604791317 1.845367764169255 4.297115100982114 1 rotate no_reflect no_shear #
rgb_color-st-attrib $-1 $528 $-1 $77 0.5 1 1 #
lump $-1 $-1 $529 $77 #
transform $-1 -1 0 -1.2246063538223773e-016 0 1 0 1.2246063538223773e-016 0 -1 1.3407381604791317 1.8453677641692554 2.0314999997347392 1 rotate no_reflect no_shear #
rgb_color-st-attrib $-1 $530 $-1 $78 0.5 1 1 #
lump $-1 $-1 $531 $78 #
transform $-1 -1 0 -1.2246063538223773e-016 0 1 0 1.2246063538223773e-016 0 -1 1.3407381604791313 1.845367764169255 4.2971151009821149 1 rotate no_reflect no_shear #
rgb_color-st-attrib $-1 $532 $-1 $79 0.5 1 1 #
lump $-1 $-1 $533 $79 #
transform $-1 -1 0 -1.2246063538223773e-016 0 1 0 1.2246063538223773e-016 0 -1 2.1693599136692456 -0.70486776416925512 2.0314999997347396 1 rotate no_reflect no_shear #
rgb_color-st-attrib $-1 $534 $-1 $80 0.5 1 1 #
lump $-1 $-1 $535 $80 #
transform $-1 -1 0 -1.2246063538223773e-016 0 1 0 1.2246063538223773e-016 0 -1 2.1693599136692461 -0.70486776416925534 4.2971151009821149 1 rotate no_reflect no_shear #
rgb_color-st-attrib $-1 $536 $-1 $81 0.5 1 1 #
lump $-1 $-1 $537 $81 #
transform $-1 -1 0 -1.2246063538223773e-016 0 1 0 1.2246063538223773e-016 0 -1 2.8655788711927576e-017 -2.2810000000000001 2.0314999997347396 1 rotate no_reflect no_shear #
rgb_color-st-attrib $-1 $538 $-1 $82 0.5 1 1 #
lump $-1 $-1 $539 $82 #
transform $-1 -1 0 -1.2246063538223773e-016 0 1 0 1.2246063538223773e-016 0 -1 -1.409533940279603e-020 -2.2810000000000001 4.297115100982114 1 rotate no_reflect no_shear #
rgb_color-st-attrib $-1 $540 $-1 $83 0.5 1 1 #
lump $-1 $-1 $541 $83 #
transform $-1 -1 0 -1.2246063538223773e-016 0 1 0 1.2246063538223773e-016 0 -1 -0.88175878013814746 -1.2134667130371923 0.8224964811516523 1 rotate no_reflect no_shear #
rgb_color-st-attrib $-1 $542 $-1 $84 0.5 1 1 #
lump $-1 $-1 $543 $84 #
transform $-1 -1 0 -1.2246063538223773e-016 0 1 0 1.2246063538223773e-016 0 -1 0.88159697673927262 -1.2135842700876505 0.8224964757983787 1 rotate no_reflect no_shear #
rgb_color-st-attrib $-1 $544 $-1 $85 0.5 1 1 #
lump $-1 $-1 $545 $85 #
transform $-1 -1 0 -1.2246063538223773e-016 0 1 0 1.2246063538223773e-016 0 -1 1.4266156761421682 0.46343038591079111 0.82249644445934766 1 rotate no_reflect no_shear #
rgb_color-st-attrib $-1 $546 $-1 $86 0.5 1 1 #
lump $-1 $-1 $547 $86 #
transform $-1 2.19609824086358e-016 -0.57360512863623669 -0.81913195298572394 -1 -3.8285889215894375e-016 0 -3.1361195205210625e-016 0.81913195298572394 -0.57360512863623669 -1.6563726874841209e-016 1.4420286894005239 3.7868475463314772 1 rotate no_reflect no_shear #
rgb_color-st-attrib $-1 $548 $-1 $87 0.5 1 1 #
lump $-1 $-1 $549 $87 #
transform $-1 0.5455308953698127 -0.17725373280922499 -0.81913195298572394 -0.30901699437494751 -0.95105651629515353 0 -0.77904078159264811 0.25312569410812924 -0.57360512863623669 -1.3714507817389281 0.44561137140099399 3.7868475463314768 1 rotate no_reflect no_shear #
rgb_color-st-attrib $-1 $550 $-1 $88 0.5 1 1 #
lump $-1 $-1 $551 $88 #
transform $-1 0.33715663525170697 0.46405629712734325 -0.81913195298572394 0.80901699437494734 -0.58778525229247325 0 -0.48147368164654009 -0.6626916706009911 -0.57360512863623669 -0.84760319701227149 -1.1666257161012563 3.7868475463314768 1 rotate no_reflect no_shear #
rgb_color-st-attrib $-1 $552 $-1 $89 0.5 1 1 #
lump $-1 $-1 $553 $89 #
transform $-1 -0.33715663525170675 0.46405629712734336 -0.81913195298572394 0.80901699437494756 0.58778525229247292 0 0.48147368164653981 -0.66269167060099121 -0.57360512863623669 0.84760319701227127 -1.1666257161012563 3.7868475463314772 1 rotate no_reflect no_shear #
rgb_color-st-attrib $-1 $554 $-1 $90 0.5 1 1 #
lump $-1 $-1 $555 $90 #
transform $-1 -0.5455308953698127 -0.17725373280922493 -0.81913195298572394 -0.3090169943749474 0.95105651629515353 0 0.77904078159264811 0.25312569410812913 -0.57360512863623669 1.3714507817389285 0.44561137140099388 3.7868475463314772 1 rotate no_reflect no_shear #
rgb_color-st-attrib $-1 $556 $-1 $91 0.5 1 1 #
lump $-1 $-1 $557 $91 #
transform $-1 -1 0 -1.2246063538223773e-016 0 1 0 1.2246063538223773e-016 0 -1 9.9999999999988987e-005 1.5 1.8504999999999998 1 rotate no_reflect no_shear #
rgb_color-st-attrib $-1 $558 $-1 $92 0.5 1 1 #
lump $-1 $-1 $559 $92 #
transform $-1 -1 0 -1.2246063538223773e-016 0 1 0 1.2246063538223773e-016 0 -1 -1.6470955458910735e-018 0 3.3765000000000001 1 rotate no_reflect no_shear #
rgb_color-st-attrib $-1 $560 $-1 $93 0.5 1 1 #
lump $-1 $-1 $561 $93 #
transform $-1 -1 0 -1.2246063538223773e-016 0 1 0 1.2246063538223773e-016 0 -1 0 0 1.5941000000000001 1 rotate no_reflect no_shear #
rgb_color-st-attrib $-1 $562 $-1 $94 0.5 1 1 #
lump $-1 $-1 $563 $94 #
transform $-1 -1 0 -1.2246063538223773e-016 0 1 0 1.2246063538223773e-016 0 -1 -6.1629758220391547e-033 0 0.12460000000000007 1 rotate no_reflect no_shear #
rgb_color-st-attrib $-1 $564 $-1 $95 0.5 1 1 #
lump $-1 $-1 $565 $95 #
transform $-1 -1 0 -1.2246063538223773e-016 0 1 0 1.2246063538223773e-016 0 -1 9.9999999999988987e-005 1.5 0.82249644449986492 1 rotate no_reflect no_shear #
rgb_color-st-attrib $-1 $566 $-1 $96 0.5 1 1 #
lump $-1 $-1 $567 $96 #
transform $-1 -1 0 -1.2246063538223773e-016 0 1 0 1.2246063538223773e-016 0 -1 -1.4265538727432929 0.4636205972140508 0.82249643910502535 1 rotate no_reflect no_shear #
rgb_color-st-attrib $-1 $568 $-1 $97 0.5 1 1 #
lump $-1 $-1 $569 $97 #
transform $-1 1 0 0 0 1 0 0 0 1 0 0 2.2964038501286659 1 no_rotate no_reflect no_shear #
model_id-kcp-attrib $-1 $570 $-1 $98 1 1017698526 135144 82313311 1 #
lump $-1 $-1 $571 $98 #
transform $-1 1 0 0 0 1 0 0 0 1 0 0 2.2964038501286659 1 no_rotate no_reflect no_shear #
aggregate_secndry_attribute-aggregate_geombuild_base_attribute-aggregate_body_attribute-attrib_HH-attrib $-1 $572 $99 $0 F #
face $573 $574 $575 $100 $-1 $576 forward single #
shell $-1 $-1 $-1 $577 $-1 $102 #
model_id-kcp-attrib $-1 $-1 $104 $6 1 1017698526 1021 83689475 1 #
shell $-1 $-1 $-1 $578 $-1 $105 #
model_id-kcp-attrib $-1 $-1 $107 $7 1 1017698526 1021 83689476 1 #
shell $-1 $-1 $-1 $579 $-1 $108 #
model_id-kcp-attrib $-1 $-1 $110 $8 1 1017698526 39857 78708741 1 #
shell $-1 $-1 $-1 $580 $-1 $111 #
model_id-kcp-attrib $-1 $-1 $113 $9 1 1017698526 39867 79364102 1 #
shell $-1 $-1 $-1 $581 $-1 $114 #
model_id-kcp-attrib $-1 $-1 $116 $10 1 1017698526 39867 79364103 1 #
shell $-1 $-1 $-1 $582 $-1 $117 #
model_id-kcp-attrib $-1 $-1 $119 $11 1 1017698526 39877 80019464 1 #
shell $-1 $-1 $-1 $583 $-1 $120 #
model_id-kcp-attrib $-1 $-1 $122 $12 1 1017698526 39877 80019465 1 #
shell $-1 $-1 $-1 $584 $-1 $123 #
model_id-kcp-attrib $-1 $-1 $125 $13 1 1017698526 39907 81985546 1 #
shell $-1 $-1 $-1 $585 $-1 $126 #
model_id-kcp-attrib $-1 $-1 $128 $14 1 1017698526 39927 83296267 1 #
shell $-1 $-1 $-1 $586 $-1 $129 #
model_id-kcp-attrib $-1 $-1 $131 $15 1 1017698526 39947 67829772 1 #
shell $-1 $-1 $-1 $587 $-1 $132 #
model_id-kcp-attrib $-1 $-1 $134 $16 1 1017698526 39977 69795853 1 #
shell $-1 $-1 $-1 $588 $-1 $135 #
model_id-kcp-attrib $-1 $-1 $137 $17 1 1017698526 39997 71106574 1 #
shell $-1 $-1 $-1 $589 $-1 $138 #
model_id-kcp-attrib $-1 $-1 $140 $18 1 1017698526 39997 71106575 1 #
shell $-1 $-1 $-1 $590 $-1 $141 #
model_id-kcp-attrib $-1 $-1 $143 $19 1 1017698526 40077 76349456 1 #
shell $-1 $-1 $-1 $591 $-1 $144 #
model_id-kcp-attrib $-1 $-1 $146 $20 1 1017698526 40087 77004817 1 #
shell $-1 $-1 $-1 $592 $-1 $147 #
model_id-kcp-attrib $-1 $-1 $149 $21 1 1017698526 40087 77004818 1 #
shell $-1 $-1 $-1 $593 $-1 $150 #
model_id-kcp-attrib $-1 $-1 $152 $22 1 1017698526 40097 77660179 1 #
shell $-1 $-1 $-1 $594 $-1 $153 #
model_id-kcp-attrib $-1 $-1 $155 $23 1 1017698526 40097 77660180 1 #
shell $-1 $-1 $-1 $595 $-1 $156 #
model_id-kcp-attrib $-1 $-1 $158 $24 1 1017698526 40107 78315541 1 #
shell $-1 $-1 $-1 $596 $-1 $159 #
model_id-kcp-attrib $-1 $-1 $161 $25 1 1017698526 40107 78315542 1 #
shell $-1 $-1 $-1 $597 $-1 $162 #
model_id-kcp-attrib $-1 $-1 $164 $26 1 1017698526 40117 78970903 1 #
shell $-1 $-1 $-1 $598 $-1 $165 #
model_id-kcp-attrib $-1 $-1 $167 $27 1 1017698526 40117 78970904 1 #
shell $-1 $-1 $-1 $599 $-1 $168 #
model_id-kcp-attrib $-1 $-1 $170 $28 1 1017698526 40127 79626265 1 #
shell $-1 $-1 $-1 $600 $-1 $171 #
model_id-kcp-attrib $-1 $-1 $173 $29 1 1017698526 40127 79626266 1 #
shell $-1 $-1 $-1 $601 $-1 $174 #
model_id-kcp-attrib $-1 $-1 $176 $30 1 1017698526 40137 80281627 1 #
shell $-1 $-1 $-1 $602 $-1 $177 #
model_id-kcp-attrib $-1 $-1 $179 $31 1 1017698526 40137 80281628 1 #
shell $-1 $-1 $-1 $603 $-1 $180 #
model_id-kcp-attrib $-1 $-1 $182 $32 1 1017698526 40147 80936989 1 #
shell $-1 $-1 $-1 $604 $-1 $183 #
model_id-kcp-attrib $-1 $-1 $185 $33 1 1017698526 40147 80936990 1 #
shell $-1 $-1 $-1 $605 $-1 $186 #
model_id-kcp-attrib $-1 $-1 $188 $34 1 1017698526 40167 82247711 1 #
shell $-1 $-1 $-1 $606 $-1 $189 #
model_id-kcp-attrib $-1 $-1 $191 $35 1 1017698526 40167 82247712 1 #
shell $-1 $-1 $-1 $607 $-1 $192 #
model_id-kcp-attrib $-1 $-1 $194 $36 1 1017698526 40187 83558433 1 #
shell $-1 $-1 $-1 $608 $-1 $195 #
model_id-kcp-attrib $-1 $-1 $197 $37 1 1017698526 40187 83558434 1 #
shell $-1 $-1 $-1 $609 $-1 $198 #
model_id-kcp-attrib $-1 $-1 $200 $38 1 1017698526 40207 68091939 1 #
shell $-1 $-1 $-1 $610 $-1 $201 #
model_id-kcp-attrib $-1 $-1 $203 $39 1 1017698526 40207 68091940 1 #
shell $-1 $-1 $-1 $611 $-1 $204 #
model_id-kcp-attrib $-1 $-1 $206 $40 1 1017698526 40217 68747301 1 #
shell $-1 $-1 $-1 $612 $-1 $207 #
model_id-kcp-attrib $-1 $-1 $209 $41 1 1017698526 40227 69402662 1 #
shell $-1 $-1 $-1 $613 $-1 $210 #
model_id-kcp-attrib $-1 $-1 $212 $42 1 1017698526 40237 70058023 1 #
shell $-1 $-1 $-1 $614 $-1 $213 #
model_id-kcp-attrib $-1 $-1 $215 $43 1 1017698526 40257 71368744 1 #
shell $-1 $-1 $-1 $615 $-1 $216 #
model_id-kcp-attrib $-1 $-1 $218 $44 1 1017698526 40267 72024105 1 #
shell $-1 $-1 $-1 $616 $-1 $219 #
model_id-kcp-attrib $-1 $-1 $221 $45 1 1017698526 40277 72679466 1 #
shell $-1 $-1 $-1 $617 $-1 $222 #
model_id-kcp-attrib $-1 $-1 $224 $46 1 1017698526 40297 73990187 1 #
shell $-1 $-1 $-1 $618 $-1 $225 #
model_id-kcp-attrib $-1 $-1 $227 $47 1 1017698526 40307 74645548 1 #
shell $-1 $-1 $-1 $619 $-1 $228 #
model_id-kcp-attrib $-1 $-1 $230 $48 1 1017698526 40317 75300909 1 #
shell $-1 $-1 $-1 $620 $-1 $231 #
model_id-kcp-attrib $-1 $-1 $233 $49 1 1017698526 40317 75300910 1 #
shell $-1 $-1 $-1 $621 $-1 $234 #
model_id-kcp-attrib $-1 $-1 $236 $50 1 1017698526 40327 75956271 1 #
shell $-1 $-1 $-1 $622 $-1 $237 #
model_id-kcp-attrib $-1 $-1 $239 $51 1 1017698526 40327 75956272 1 #
shell $-1 $-1 $-1 $623 $-1 $240 #
model_id-kcp-attrib $-1 $-1 $242 $52 1 1017698526 40338 76677169 1 #
shell $-1 $-1 $-1 $624 $-1 $243 #
model_id-kcp-attrib $-1 $-1 $245 $53 1 1017698526 40338 76677170 1 #
shell $-1 $-1 $-1 $625 $-1 $246 #
model_id-kcp-attrib $-1 $-1 $248 $54 1 1017698526 40338 76677171 1 #
shell $-1 $-1 $-1 $626 $-1 $249 #
model_id-kcp-attrib $-1 $-1 $251 $55 1 1017698526 40348 77332532 1 #
shell $-1 $-1 $-1 $627 $-1 $252 #
model_id-kcp-attrib $-1 $-1 $254 $56 1 1017698526 40348 77332533 1 #
shell $-1 $-1 $-1 $628 $-1 $255 #
model_id-kcp-attrib $-1 $-1 $257 $57 1 1017698526 40358 77987894 1 #
shell $-1 $-1 $-1 $629 $-1 $258 #
model_id-kcp-attrib $-1 $-1 $260 $58 1 1017698526 40368 78643255 1 #
shell $-1 $-1 $-1 $630 $-1 $261 #
model_id-kcp-attrib $-1 $-1 $263 $59 1 1017698526 40368 78643256 1 #
shell $-1 $-1 $-1 $631 $-1 $264 #
model_id-kcp-attrib $-1 $-1 $266 $60 1 1017698526 40378 79298617 1 #
shell $-1 $-1 $-1 $632 $-1 $267 #
model_id-kcp-attrib $-1 $-1 $269 $61 1 1017698526 40388 79953978 1 #
shell $-1 $-1 $-1 $633 $-1 $270 #
model_id-kcp-attrib $-1 $-1 $272 $62 1 1017698526 40388 79953979 1 #
shell $-1 $-1 $-1 $634 $-1 $273 #
model_id-kcp-attrib $-1 $-1 $275 $63 1 1017698526 40398 80609340 1 #
shell $-1 $-1 $-1 $635 $-1 $276 #
model_id-kcp-attrib $-1 $-1 $278 $64 1 1017698526 40408 81264701 1 #
shell $-1 $-1 $-1 $636 $-1 $279 #
model_id-kcp-attrib $-1 $-1 $281 $65 1 1017698526 40408 81264702 1 #
shell $-1 $-1 $-1 $637 $-1 $282 #
model_id-kcp-attrib $-1 $-1 $284 $66 1 1017698526 40418 81920063 1 #
shell $-1 $-1 $-1 $638 $-1 $285 #
model_id-kcp-attrib $-1 $-1 $287 $67 1 1017698526 40428 82575424 1 #
shell $-1 $-1 $-1 $639 $-1 $288 #
model_id-kcp-attrib $-1 $-1 $290 $68 1 1017698526 40428 82575425 1 #
shell $-1 $-1 $-1 $640 $-1 $291 #
model_id-kcp-attrib $-1 $-1 $293 $69 1 1017698526 40438 83230786 1 #
shell $-1 $-1 $-1 $641 $-1 $294 #
model_id-kcp-attrib $-1 $-1 $296 $70 1 1017698526 40448 67108931 1 #
shell $-1 $-1 $-1 $642 $-1 $297 #
model_id-kcp-attrib $-1 $-1 $299 $71 1 1017698526 40448 67108932 1 #
shell $-1 $-1 $-1 $643 $-1 $300 #
model_id-kcp-attrib $-1 $-1 $302 $72 1 1017698526 40458 67764293 1 #
shell $-1 $-1 $-1 $644 $-1 $303 #
model_id-kcp-attrib $-1 $-1 $305 $73 1 1017698526 40468 68419654 1 #
shell $-1 $-1 $-1 $645 $-1 $306 #
model_id-kcp-attrib $-1 $-1 $308 $74 1 1017698526 40468 68419655 1 #
shell $-1 $-1 $-1 $646 $-1 $309 #
model_id-kcp-attrib $-1 $-1 $311 $75 1 1017698526 40478 69075016 1 #
shell $-1 $-1 $-1 $647 $-1 $312 #
model_id-kcp-attrib $-1 $-1 $314 $76 1 1017698526 40488 69730377 1 #
shell $-1 $-1 $-1 $648 $-1 $315 #
model_id-kcp-attrib $-1 $-1 $317 $77 1 1017698526 40488 69730378 1 #
shell $-1 $-1 $-1 $649 $-1 $318 #
model_id-kcp-attrib $-1 $-1 $320 $78 1 1017698526 40498 70385739 1 #
shell $-1 $-1 $-1 $650 $-1 $321 #
model_id-kcp-attrib $-1 $-1 $323 $79 1 1017698526 40508 71041100 1 #
shell $-1 $-1 $-1 $651 $-1 $324 #
model_id-kcp-attrib $-1 $-1 $326 $80 1 1017698526 40518 71696461 1 #
shell $-1 $-1 $-1 $652 $-1 $327 #
model_id-kcp-attrib $-1 $-1 $329 $81 1 1017698526 40518 71696462 1 #
shell $-1 $-1 $-1 $653 $-1 $330 #
model_id-kcp-attrib $-1 $-1 $332 $82 1 1017698526 40528 72351823 1 #
shell $-1 $-1 $-1 $654 $-1 $333 #
model_id-kcp-attrib $-1 $-1 $335 $83 1 1017698526 40548 73662544 1 #
shell $-1 $-1 $-1 $655 $-1 $336 #
model_id-kcp-attrib $-1 $-1 $338 $84 1 1017698526 40568 74973265 1 #
shell $-1 $-1 $-1 $656 $-1 $339 #
model_id-kcp-attrib $-1 $-1 $341 $85 1 1017698526 40618 78250066 1 #
shell $-1 $-1 $-1 $657 $-1 $342 #
model_id-kcp-attrib $-1 $-1 $344 $86 1 1017698526 40618 78250067 1 #
shell $-1 $-1 $-1 $658 $-1 $345 #
model_id-kcp-attrib $-1 $-1 $347 $87 1 1017698526 40628 78905428 1 #
shell $-1 $-1 $-1 $659 $-1 $348 #
model_id-kcp-attrib $-1 $-1 $350 $88 1 1017698526 40638 79560789 1 #
shell $-1 $-1 $-1 $660 $-1 $351 #
model_id-kcp-attrib $-1 $-1 $353 $89 1 1017698526 40648 80216150 1 #
shell $-1 $-1 $-1 $661 $-1 $354 #
model_id-kcp-attrib $-1 $-1 $356 $90 1 1017698526 40648 80216151 1 #
shell $-1 $-1 $-1 $662 $-1 $357 #
model_id-kcp-attrib $-1 $-1 $359 $91 1 1017698526 40668 81526872 1 #
shell $-1 $-1 $-1 $663 $-1 $360 #
model_id-kcp-attrib $-1 $-1 $362 $92 1 1017698526 40668 81526873 1 #
shell $-1 $-1 $-1 $664 $-1 $363 #
model_id-kcp-attrib $-1 $-1 $365 $93 1 1017698526 40678 82182234 1 #
shell $-1 $-1 $-1 $665 $-1 $366 #
model_id-kcp-attrib $-1 $-1 $368 $94 1 1017698526 40688 82837595 1 #
shell $-1 $-1 $-1 $666 $-1 $369 #
model_id-kcp-attrib $-1 $-1 $371 $95 1 1017698526 40708 67371100 1 #
shell $-1 $-1 $-1 $667 $-1 $372 #
model_id-kcp-attrib $-1 $-1 $374 $96 1 1017698526 40728 68681821 1 #
shell $-1 $-1 $-1 $668 $-1 $375 #
model_id-kcp-attrib $-1 $-1 $377 $97 1 1017698526 59205 71630942 1 #
shell $-1 $-1 $-1 $669 $-1 $378 #
rgb_color-st-attrib $-1 $-1 $380 $98 1 0.5 1 #
shell $-1 $-1 $-1 $670 $-1 $381 #
aggregate_sharped_attribute-aggregate_geombuild_base_attribute-aggregate_body_attribute-attrib_HH-attrib $-1 $671 $383 $0 F #
model_id-kcp-attrib $-1 $672 $-1 $384 1 1017698526 851 72548353 2 #
face $673 $674 $675 $100 $-1 $676 forward single #
loop $-1 $-1 $677 $384 #
cone-surface $-1 2.6602278521650038 -0.86436042551206071 -1.0339757656912846e-025 0 0 1 0.27038987053460511 -0.83217445196496187 0 1 I I 0 -1 0.87500000033766012 forward I I I I #
face $678 $679 $680 $385 $-1 $681 forward single #
face $-1 $682 $683 $387 $-1 $684 reversed single #
face $-1 $685 $686 $389 $-1 $687 reversed single #
face $-1 $688 $689 $391 $-1 $690 forward single #
face $-1 $691 $692 $393 $-1 $693 forward single #
face $-1 $694 $695 $395 $-1 $696 forward single #
face $-1 $697 $698 $397 $-1 $699 forward single #
face $-1 $700 $701 $399 $-1 $702 forward single #
face $-1 $703 $704 $401 $-1 $705 forward single #
face $-1 $706 $707 $403 $-1 $708 forward single #
face $-1 $709 $710 $405 $-1 $711 forward single #
face $-1 $712 $713 $407 $-1 $714 forward single #
face $-1 $715 $716 $409 $-1 $717 forward single #
face $-1 $718 $719 $411 $-1 $720 forward single #
face $-1 $721 $722 $413 $-1 $723 forward single #
face $-1 $724 $725 $415 $-1 $726 forward single #
face $-1 $727 $728 $417 $-1 $729 forward single #
face $-1 $730 $731 $419 $-1 $732 forward single #
face $-1 $733 $734 $421 $-1 $735 forward single #
face $-1 $736 $737 $423 $-1 $738 forward single #
face $-1 $739 $740 $425 $-1 $741 forward single #
face $-1 $742 $743 $427 $-1 $744 forward single #
face $-1 $745 $746 $429 $-1 $747 forward single #
face $-1 $748 $749 $431 $-1 $750 forward single #
