C : -------------------------
C : Global Symbol definition
C : -------------------------
K : /option gl del 
K : coo
K :
K : /option gl e
K : coo
K : "/do df paf v rc;;okay;okay"
K :
K : /option gl del
K : cll
K : 
K : /option gl e
K : cll
K : "/do df paf v cl;;cp;;okay;cancel"
K : /option gl del
K : add
K : 
K : /option gl e
K : add
K : "/mo ap t at on okay;/mo ap sd okay;;des"
K : /option gl del
K : cvv
K : 
K : /OPTION GL E
K : cvv
K : "/do df wbf v co;;okay;okay;"
K : /option gl del
K : css
K : 
K : /OPTION GL E
K : css
K : "/do df paf v rc;;okay;okay;"
K : /option gl del arr
K : 
K : 
K : /OPTION GL E
K : arr
K : "/mo ap ar o;;okay;;des"
K : /option gl del
K : ado
K : 
K : /OPTION GL E
K : ado
K : "/o pr p 5;don;ad on:okay;okay"
K : /o g d
K : trr
K : 
K : /o g e
K : trr
K : "/mo ap v ts on;tr 40;;okay;;des"
K : 
K : 
K : /o g d
K : opp
K : 
K : /o g e
K : opp
K : "/mo app v ts on;tr 0;okay;;des;/mo ap d sa v;tr 0;okay;;"
K : 
K : 
K : /option gl del
K : defe
K : 
K : /option gl e
K : defe
K : "/de fil pm 15 d po"
K : 
K : /option gl del
K : dcc
K : 
K : /option gl en
K : dcc
K : "/del fil pm 20 done po"
K : 
K : /option gl del
K : cff
K : 
K : /option gl e
K : cff
K : "/mo ap color 5 li dashed;okay;des"
K : /option gl del
K : aww
K : 
K : /option gl e
K : aww
K : "/or al l workplane; pl"
K : /option gl del
K : vvc
K : 
K : /option gl e
K : vvc
K : /li in view ta
K : 
K : /option gl del
K : eh
K : 
K : /option gl e
K : eh
K : /do hi
K : 
K : /option gl del
K : et
K : 
K : /option gl e
K : et
K : /or mo
K : 
K : /option gl del
K : ed
K : 
K : /option gl e
K : ed
K : /or d
K : 
K : /option gl del
K : lll
K : 
K : /option gl e
K : lll
K : "/mo ap lea l;okay;des"
K : 
K : /option gl del
K : lrr
K : 
K : /option gl e
K : lrr
K : "/mo ap lea r;okay;des"
K : 
K : /option gl del
K : view3
K : 
K : /option gl e
K : view3
K : "/view define enter 3;k 0,0 .65,1;k .65,0 1,.5;k .65,.5 1,1"
K : 
K : 
K : /option gl del
K : asv
K : 
K : /option gl e
K : asv
K : "/do df as;;okay"
K : 
K : /option gl del
K : user1
K : 
K : /option gl e
K : user1
K : "/do df as;;okay"
K : 
K : /option gl del
K : LL1
K : 
K : /OPTION GL E
K : LL1
K : "/do li e 1;; cu canc"
K : 
K : /option gl del
K : LL2
K : 
K : /OPTION GL E
K : LL2
K : "/do li e 2;; cu canc"
K : 
K : /option gl del
K : LL3
K : 
K : /OPTION GL E
K : LL3
K : "/do li e 3;; cu canc"
K : 
K : /option gl del
K : dimm
K : 
K : /OPTION GL E
K : dimm
K : "/f pr r fil 'dimmatch.prg' okay"
K : 
C : ---------------------------------------
P :
K :
K :  /ma ma
K :  EN 10;
K :  G
K : CANC
K : $ return
K : $ AU
AP: 1 8 Change View
AP: 1 0 0 0 0
AP:  0.2167089     -0.01005974     0.5899144
AP:  1.000000       0.0            0.0
AP:  0.0            1.000000       0.0
AP:  0.0            0.0            1.000000
AP:  0.7629881      1.000000       1.000000       15.00000
AP: -1.000000      -1.000000      -1.000000
AP:  1.000000       1.000000       1.000000
AP: 1 8 Change View
AP: 1 0 0 0 0
AP:  0.2167089     -0.01005974     0.5899144
AP:  1.000000       0.0            0.0
AP:  0.0            1.000000       0.0
AP:  0.0            0.0            1.000000
AP:  1.317564       1.920048       1.920048       15.00000
AP: -1.000000      -1.000000      -1.000000
AP:  1.000000       1.000000       1.000000
AP: 1 8 Change View
AP: 1 0 0 0 0
AP:  0.2167089     -0.01005974     0.5899144
AP:  0.7320630      0.6804510     -0.03271469
AP: -0.06990544     0.1228033      0.9899659
AP:  0.6776407     -0.7224305      0.1374670
AP:  1.317564       1.920048       1.920048       15.00000
AP: -1.000000      -1.000000      -1.000000
AP:  1.000000       1.000000       1.000000
AP: 1 8 Change View
AP: 1 0 0 0 0
AP:  0.2167089     -0.01005974     0.5899144
AP: -0.5280440      0.8428214     -0.1040269
AP: -0.03559887     0.1004211      0.9943079
AP:  0.8484705      0.5287416     -0.02302325
AP:  1.317564       1.920048       1.920048       15.00000
AP: -1.000000      -1.000000      -1.000000
AP:  1.000000       1.000000       1.000000
AP: 1 8 Change View
AP: 1 0 0 0 0
AP:  0.2167089     -0.01005974     0.5899144
AP: -0.9992939     -0.01742443    -0.03328725
AP: -0.03442140     0.06944127     0.9969920
AP: -0.01506051     0.9974338     -0.06999201
AP:  1.317564       1.920048       1.920048       15.00000
AP: -1.000000      -1.000000      -1.000000
AP:  1.000000       1.000000       1.000000
AP: 1 8 Change View
AP: 1 0 0 0 0
AP:  0.2167089     -0.01005974     0.5899144
AP: -0.7175876     -0.6919262      0.07941215
AP:  0.4722369     -0.3995757      0.7857045
AP: -0.5119183      0.6013131      0.6134836
AP:  1.317564       1.920048       1.920048       15.00000
AP: -1.000000      -1.000000      -1.000000
AP:  1.000000       1.000000       1.000000
AP: 1 8 Change View
AP: 1 0 0 0 0
AP:  0.2167089     -0.01005974     0.5899144
AP: -0.7175876     -0.6919262      0.07941215
AP:  0.4722369     -0.3995757      0.7857045
AP: -0.5119183      0.6013131      0.6134836
AP:  1.105009       1.920048       1.920048       15.00000
AP: -1.000000      -1.000000      -1.000000
AP:  1.000000       1.000000       1.000000
AP: 1 8 Change View
AP: 1 0 0 0 0
AP:  0.1118059     -0.01744461     0.5096170
AP: -0.7175876     -0.6919262      0.07941215
AP:  0.4722369     -0.3995757      0.7857045
AP: -0.5119183      0.6013131      0.6134836
AP:  1.149399       1.920048       1.920048       15.00000
AP: -1.000000      -1.000000      -1.000000
AP:  1.000000       1.000000       1.000000
K : $ mpos :; /do so; ; dt shh appl canc
AP: 1 8 Change View
AP: 1 0 0 0 0
AP:  0.1118059     -0.01744461     0.5096170
AP: -0.7175876     -0.6919262      0.07941215
AP:  0.4722369     -0.3995757      0.7857045
AP: -0.5119183      0.6013131      0.6134837
AP:  1.149399       1.936684       1.936684       15.00000
AP: -1.000000      -1.000000      -1.000000
AP:  1.000000       1.000000       1.000000
K : $ return
K : 
K :  /do df
K :  PAF
K :  V LT OF
K : OKAY
K :  ASF
K :  V ATN OF
K : OKAY
K : OKAY       
K :
K :  /DO SO     
K :  HS
K :  HB ON
K : OKAY
K : OKAY
K : /v v pe;;okay;
K :  /do so; ; dt shh appl canc
K : 
K :
K :  /F PR E
E : **** END OF SESSION ****
