AP: 1 8 Change View
AP: 1 0 0 0 0
AP:  0.0            0.0            0.0
AP:  1.000000       0.0            0.0
AP:  0.0            1.000000       0.0
AP:  0.0            0.0            1.000000
AP:  0.1250000      0.2520000      0.2520000      15.00000
AP: -1.000000      -1.000000      -1.000000
AP:  1.000000       1.000000       1.000000
AP: 2 11 Program File User Preferences
AP: 0 1 0 0 0 0 0 1 0
AP: 1 -0.1000000     -0.1000000      0.1000000      0.1000000
AP: 2  0.0            0.0            0.0            0.0
AP: 3                        1                        0                        0
AP: 4                        0                        1                        0
AP: 5                        0                        0                        1
AP: 6                        0                        0                        0
AP: 7 0 0 0 10 10  0.05000000     0.05000000     0.05000000     30.00000
AP: 8 1
AP: 9 1 1
AP: 10 1 1 0 20   2.000000
K : $ return
K : $ mpos :; /ma ma
K :  ET 20;
K :  G
K :  ET 21;
K :  G
K :  ET 23;
K :  G
K : CANC
K : $ return
K : $ AU
AP: 1 8 Change View
AP: 1 0 0 0 0
AP: -0.06123764    -0.08887534     0.2210766
AP:  1.000000       0.0            0.0
AP:  0.0            1.000000       0.0
AP:  0.0            0.0            1.000000
AP:  0.2248586      0.2520000      0.2520000      15.00000
AP: -1.000000      -1.000000      -1.000000
AP:  1.000000       1.000000       1.000000
AP: 1 8 Change View
AP: 1 0 0 0 0
AP: -0.06123764    -0.08887534     0.2210766
AP:  0.9005031     -0.004487166    0.4348264
AP:  0.1417940      0.9483232     -0.2838620
AP: -0.4110822      0.3172743      0.8546042
AP:  0.2248586      0.6972941      0.6972941      15.00000
AP: -1.000000      -1.000000      -1.000000
AP:  1.000000       1.000000       1.000000
AP: 1 8 Change View
AP: 1 0 0 0 0
AP: -0.05174111    -0.05871543     0.2144477
AP:  0.9005031     -0.004487166    0.4348264
AP:  0.1417940      0.9483232     -0.2838620
AP: -0.4110822      0.3172743      0.8546042
AP:  0.2788549      0.6972941      0.6972941      15.00000
AP: -1.000000      -1.000000      -1.000000
AP:  1.000000       1.000000       1.000000
K : $ mpos :; /do df
K :  AA OF
K : OKAY
AP: 1 8 Change View
AP: 1 0 0 0 0
AP: -0.05174111    -0.05871543     0.2144477
AP:  0.9005031     -0.004487166    0.4348264
AP:  0.1417940      0.9483232     -0.2838619
AP: -0.4110822      0.3172743      0.8546042
AP:  0.2788549      0.6755540      0.6755540      15.00000
AP: -1.000000      -1.000000      -1.000000
AP:  1.000000       1.000000       1.000000
K : $ return
K : $ mpos :; /do df
K :  PAF
K :  V RC OF
K : OKAY
K : OKAY
AP: 1 8 Change View
AP: 1 0 0 0 0
AP: -0.05174111    -0.05871543     0.2144477
AP:  0.9005031     -0.004487166    0.4348264
AP:  0.1417940      0.9483232     -0.2838619
AP: -0.4110822      0.3172743      0.8546042
AP:  0.2788549      0.6755540      0.6755540      15.00000
AP: -1.000000      -1.000000      -1.000000
AP:  1.000000       1.000000       1.000000
K : $ return
K : $ mpos :; /v v pe;;okay;
AP: 1 8 Change View
AP: 1 0 1 0 0
AP: -0.05174111    -0.05871543     0.2144477
AP:  0.9005031     -0.004487166    0.4348264
AP:  0.1417940      0.9483232     -0.2838619
AP: -0.4110822      0.3172743      0.8546042
AP:  0.2788549      0.6755540      0.6755540      15.00000
AP: -1.000000      -1.000000      -1.000000
AP:  1.000000       1.000000       1.000000
K : $ return
AP: 1 8 Change View
AP: 1 0 1 0 0
AP: -0.05174111    -0.05871543     0.2144477
AP:  0.9005031     -0.004487166    0.4348264
AP:  0.1417940      0.9483232     -0.2838619
AP: -0.4110822      0.3172743      0.8546042
AP:  0.3069203      0.6755540      0.6755540      15.00000
AP: -1.000000      -1.000000      -1.000000
AP:  1.000000       1.000000       1.000000
AP: 1 8 Change View
AP: 1 0 1 0 0
AP: -0.02924678    -0.09641157     0.2392627
AP:  0.9005031     -0.004487166    0.4348264
AP:  0.1417940      0.9483232     -0.2838619
AP: -0.4110822      0.3172743      0.8546042
AP:  0.3069203      0.6755540      0.6755540      15.00000
AP: -1.000000      -1.000000      -1.000000
AP:  1.000000       1.000000       1.000000
K : $ mpos :; /do so; ; dt shh appl canc
AP: 1 8 Change View
AP: 1 0 1 0 0
AP: -0.02924678    -0.09641157     0.2392627
AP:  0.9005031     -0.004487166    0.4348264
AP:  0.1417940      0.9483232     -0.2838619
AP: -0.4110822      0.3172743      0.8546042
AP:  0.3069203      0.6808094      0.6808094      15.00000
AP: -1.000000      -1.000000      -1.000000
AP:  1.000000       1.000000       1.000000
K : $ return
K : $ mpos :; /F SA
K :  FIL engine6
K : OKAY
K : $ return
K : /cl
K : #output "Model File Saved As 'engine6'"
K : #output "Automatically Exiting..."
C :
K : #wait 5
K : exit
K : N
K : $ mpos :; /F PR E
E : **** END OF SESSION ****
