600 0 2 0           
24 FBMach with ACIS - 6.0.3 13 ACIS 6.0.3 NT 24 Tue May 22 14:54:39 2001 
1 9.9999999999999995e-007 1e-010 
body $2 $3 $-1 $4 #
bdycol-kcp $-1 1 93 $5 $6 $7 $8 $9 $10 $11 $12 $13 $14 $15 $16 $17 $18 $19 $20 $21 $22 $23 $24 $25 $26 $27 $28 $29 $30 $31 $32 $33 $34 $35 $36 $37 $38 $39 $40 $41 $42 $43 $44 $45 $46 $47 $48 $49 $50 $51 $52 $53 $54 $55 $56 $57 $58 $59 $60 $61 $62 $63 $64 $65 $66 $67 $68 $69 $70 $71 $72 $73 $74 $75 $76 $77 $78 $79 $80 $81 $82 $83 $84 $85 $86 $87 $88 $89 $90 $91 $92 $93 $94 $95 $96 $97 #
model_id-kcp-attrib $-1 $-1 $-1 $0 1 990557526 650 109707265 1 #
lump $-1 $-1 $98 $0 #
transform $-1 1 0 0 0 1 0 0 0 1 0 0 0 1 no_rotate no_reflect no_shear #
body $99 $100 $-1 $101 #
body $102 $103 $-1 $104 #
body $105 $106 $-1 $107 #
body $108 $109 $-1 $110 #
body $111 $112 $-1 $113 #
body $114 $115 $-1 $116 #
body $117 $118 $-1 $119 #
body $120 $121 $-1 $122 #
body $123 $124 $-1 $125 #
body $126 $127 $-1 $128 #
body $129 $130 $-1 $131 #
body $132 $133 $-1 $134 #
body $135 $136 $-1 $137 #
body $138 $139 $-1 $140 #
body $141 $142 $-1 $143 #
body $144 $145 $-1 $146 #
body $147 $148 $-1 $149 #
body $150 $151 $-1 $152 #
body $153 $154 $-1 $155 #
body $156 $157 $-1 $158 #
body $159 $160 $-1 $161 #
body $162 $163 $-1 $164 #
body $165 $166 $-1 $167 #
body $168 $169 $-1 $170 #
body $171 $172 $-1 $173 #
body $174 $175 $-1 $176 #
body $177 $178 $-1 $179 #
body $180 $181 $-1 $182 #
body $183 $184 $-1 $185 #
body $186 $187 $-1 $188 #
body $189 $190 $-1 $191 #
body $192 $193 $-1 $194 #
body $195 $196 $-1 $197 #
body $198 $199 $-1 $200 #
body $201 $202 $-1 $203 #
body $204 $205 $-1 $206 #
body $207 $208 $-1 $209 #
body $210 $211 $-1 $212 #
body $213 $214 $-1 $215 #
body $216 $217 $-1 $218 #
body $219 $220 $-1 $221 #
body $222 $223 $-1 $224 #
body $225 $226 $-1 $227 #
body $228 $229 $-1 $230 #
body $231 $232 $-1 $233 #
body $234 $235 $-1 $236 #
body $237 $238 $-1 $239 #
body $240 $241 $-1 $242 #
body $243 $244 $-1 $245 #
body $246 $247 $-1 $248 #
body $249 $250 $-1 $251 #
body $252 $253 $-1 $254 #
body $255 $256 $-1 $257 #
body $258 $259 $-1 $260 #
body $261 $262 $-1 $263 #
body $264 $265 $-1 $266 #
body $267 $268 $-1 $269 #
body $270 $271 $-1 $272 #
body $273 $274 $-1 $275 #
body $276 $277 $-1 $278 #
body $279 $280 $-1 $281 #
body $282 $283 $-1 $284 #
body $285 $286 $-1 $287 #
body $288 $289 $-1 $290 #
body $291 $292 $-1 $293 #
body $294 $295 $-1 $296 #
body $297 $298 $-1 $299 #
body $300 $301 $-1 $302 #
body $303 $304 $-1 $305 #
body $306 $307 $-1 $308 #
body $309 $310 $-1 $311 #
body $312 $313 $-1 $314 #
body $315 $316 $-1 $317 #
body $318 $319 $-1 $320 #
body $321 $322 $-1 $323 #
body $324 $325 $-1 $326 #
body $327 $328 $-1 $329 #
body $330 $331 $-1 $332 #
body $333 $334 $-1 $335 #
body $336 $337 $-1 $338 #
body $339 $340 $-1 $341 #
body $342 $343 $-1 $344 #
body $345 $346 $-1 $347 #
body $348 $349 $-1 $350 #
body $351 $352 $-1 $353 #
body $354 $355 $-1 $356 #
body $357 $358 $-1 $359 #
body $360 $361 $-1 $362 #
body $363 $364 $-1 $365 #
body $366 $367 $-1 $368 #
body $369 $370 $-1 $371 #
body $372 $373 $-1 $374 #
body $375 $376 $-1 $377 #
shell $-1 $-1 $-1 $378 $-1 $3 #
model_id-kcp-attrib $-1 $-1 $-1 $5 1 990557526 701 113049602 1 #
lump $-1 $-1 $379 $5 #
transform $-1 1 0 0 0 1 0 0 0 1 0 0 2.2959999999999998 1 no_rotate no_reflect no_shear #
rgb_color-st-attrib $-1 $380 $-1 $6 1 1 0.5 #
lump $-1 $-1 $381 $6 #
transform $-1 1 0 0 0 -1 0 0 0 -1 0 0 3.2311377419354859 1 rotate no_reflect no_shear #
rgb_color-st-attrib $-1 $382 $-1 $7 1 1 0.5 #
lump $-1 $-1 $383 $7 #
transform $-1 1 0 0 0 -1 0 0 0 -1 0 0 3.6404999999999998 1 rotate no_reflect no_shear #
rgb_color-st-attrib $-1 $384 $-1 $8 0.5 1 1 #
lump $-1 $-1 $385 $8 #
transform $-1 -1 0 -1.2246063538223773e-016 0 1 0 1.2246063538223773e-016 0 -1 0.67947975165009911 0.93522364549743942 3.43675 1 rotate no_reflect no_shear #
rgb_color-st-attrib $-1 $386 $-1 $9 0.5 1 1 #
lump $-1 $-1 $387 $9 #
transform $-1 -1 0 -1.2246063538223773e-016 0 1 0 1.2246063538223773e-016 0 -1 -0.67947975165009955 0.93522364549743919 3.43675 1 rotate no_reflect no_shear #
rgb_color-st-attrib $-1 $388 $-1 $10 0.5 1 1 #
lump $-1 $-1 $389 $10 #
transform $-1 -1 0 -1.2246063538223773e-016 0 1 0 1.2246063538223773e-016 0 -1 -1.0994213328371976 -0.35722364549743896 3.43675 1 rotate no_reflect no_shear #
rgb_color-st-attrib $-1 $390 $-1 $11 0.5 1 1 #
lump $-1 $-1 $391 $11 #
transform $-1 -1 0 -1.2246063538223773e-016 0 1 0 1.2246063538223773e-016 0 -1 0 -1.1560000000000001 3.43675 1 rotate no_reflect no_shear #
rgb_color-st-attrib $-1 $392 $-1 $12 0.5 1 1 #
lump $-1 $-1 $393 $12 #
transform $-1 -1 0 -1.2246063538223773e-016 0 1 0 1.2246063538223773e-016 0 -1 1.0994213328371976 -0.35722364549743924 3.43675 1 rotate no_reflect no_shear #
rgb_color-st-attrib $-1 $394 $-1 $13 0.5 1 1 #
lump $-1 $-1 $395 $13 #
transform $-1 1.020938369127739e-015 -0.64102482378290349 -0.76752014650698097 1 1.5926658863268939e-015 0 1.2224031544102883e-015 -0.76752014650698097 0.64102482378290349 -1.5561141625056218e-017 1.7175879231884479 4.2822752286071841 1 rotate no_reflect no_shear #
rgb_color-st-attrib $-1 $396 $-1 $14 0.5 1 1 #
lump $-1 $-1 $397 $14 #
transform $-1 0.60965083576568346 -0.19808756436512348 -0.76752014650698042 0.30901699437494762 0.95105651629515353 0 0.72995503672327466 -0.23717676879580654 0.64102482378290415 -1.6335231866582327 0.53076385759840183 4.2822752286071841 1 rotate no_reflect no_shear #
rgb_color-st-attrib $-1 $398 $-1 $15 0.5 1 1 #
lump $-1 $-1 $399 $15 #
transform $-1 0.37678493777297245 0.5185999762565755 -0.76752014650698042 -0.80901699437494745 0.58778525229247314 0 0.45113702295416142 0.62093684204929667 0.64102482378290415 -1.0095728507658281 -1.3895578191926268 4.2822752286071841 1 rotate no_reflect no_shear #
rgb_color-st-attrib $-1 $400 $-1 $16 0.5 1 1 #
lump $-1 $-1 $401 $16 #
transform $-1 -0.37678493777297239 0.5185999762565755 -0.76752014650698042 -0.80901699437494745 -0.58778525229247303 0 -0.45113702295416136 0.62093684204929667 0.64102482378290415 1.0095728507658279 -1.3895578191926266 4.2822752286071841 1 rotate no_reflect no_shear #
rgb_color-st-attrib $-1 $402 $-1 $17 0.5 1 1 #
lump $-1 $-1 $403 $17 #
transform $-1 -0.60965083576568369 -0.19808756436512301 -0.76752014650698031 0.3090169943749469 -0.95105651629515375 0 -0.72995503672327477 -0.23717676879580599 0.64102482378290404 1.6335231866582338 0.53076385759840172 4.2822752286071832 1 rotate no_reflect no_shear #
rgb_color-st-attrib $-1 $404 $-1 $18 0.5 1 1 #
lump $-1 $-1 $405 $18 #
transform $-1 -1 0 -1.2246063538223773e-016 0 1 0 1.2246063538223773e-016 0 -1 0.37669171614306074 -1.1593378933637923 4.2965 1 rotate no_reflect no_shear #
rgb_color-st-attrib $-1 $406 $-1 $19 0.5 1 1 #
lump $-1 $-1 $407 $19 #
transform $-1 -1 0 -1.2246063538223773e-016 0 1 0 1.2246063538223773e-016 0 -1 -0.98619171614306089 -0.71651022254452512 4.2965 1 rotate no_reflect no_shear #
rgb_color-st-attrib $-1 $408 $-1 $20 0.5 1 1 #
lump $-1 $-1 $409 $20 #
transform $-1 -1 0 -1.2246063538223773e-016 0 1 0 1.2246063538223773e-016 0 -1 -0.98619171614306089 0.7165102225445249 4.2965 1 rotate no_reflect no_shear #
rgb_color-st-attrib $-1 $410 $-1 $21 0.5 1 1 #
lump $-1 $-1 $411 $21 #
transform $-1 -1 0 -1.2246063538223773e-016 0 1 0 1.2246063538223773e-016 0 -1 0.37669171614306096 1.1593378933637923 4.2965 1 rotate no_reflect no_shear #
rgb_color-st-attrib $-1 $412 $-1 $22 0.5 1 1 #
lump $-1 $-1 $413 $22 #
transform $-1 -1 0 -1.2246063538223773e-016 0 1 0 1.2246063538223773e-016 0 -1 1.2190000000000001 0 4.2965 1 rotate no_reflect no_shear #
rgb_color-st-attrib $-1 $414 $-1 $23 0.5 1 1 #
lump $-1 $-1 $415 $23 #
transform $-1 -1 0 -1.2246063538223773e-016 0 1 0 1.2246063538223773e-016 0 -1 -1.4860258067111778 -0.48283905371085506 4.43675 1 rotate no_reflect no_shear #
rgb_color-st-attrib $-1 $416 $-1 $24 0.5 1 1 #
lump $-1 $-1 $417 $24 #
transform $-1 -1 0 -1.2246063538223773e-016 0 1 0 1.2246063538223773e-016 0 -1 -1.4860258067111778 -0.482839053710855 3.1607544941114964 1 rotate no_reflect no_shear #
rgb_color-st-attrib $-1 $418 $-1 $25 0.5 1 1 #
lump $-1 $-1 $419 $25 #
transform $-1 -1 0 -1.2246063538223773e-016 0 1 0 1.2246063538223773e-016 0 -1 -0.91841445670698962 1.2640890537108551 4.43675 1 rotate no_reflect no_shear #
rgb_color-st-attrib $-1 $420 $-1 $26 0.5 1 1 #
lump $-1 $-1 $421 $26 #
transform $-1 -1 0 -1.2246063538223773e-016 0 1 0 1.2246063538223773e-016 0 -1 -0.91841445670698951 1.2640890537108553 3.160746016878742 1 rotate no_reflect no_shear #
rgb_color-st-attrib $-1 $422 $-1 $27 0.5 1 1 #
lump $-1 $-1 $423 $27 #
transform $-1 -1 0 -1.2246063538223773e-016 0 1 0 1.2246063538223773e-016 0 -1 0.9184144567069894 1.2640890537108551 4.43675 1 rotate no_reflect no_shear #
rgb_color-st-attrib $-1 $424 $-1 $28 0.5 1 1 #
lump $-1 $-1 $425 $28 #
transform $-1 -1 0 -1.2246063538223773e-016 0 1 0 1.2246063538223773e-016 0 -1 0.91841445670698951 1.2640890537108553 3.160746016878742 1 rotate no_reflect no_shear #
rgb_color-st-attrib $-1 $426 $-1 $29 0.5 1 1 #
lump $-1 $-1 $427 $29 #
transform $-1 -1 0 -1.2246063538223773e-016 0 1 0 1.2246063538223773e-016 0 -1 1.4860258067111776 -0.48283905371085539 4.43675 1 rotate no_reflect no_shear #
rgb_color-st-attrib $-1 $428 $-1 $30 0.5 1 1 #
lump $-1 $-1 $429 $30 #
transform $-1 -1 0 -1.2246063538223773e-016 0 1 0 1.2246063538223773e-016 0 -1 1.4860258067111776 -0.48283905371085534 3.1607544941114964 1 rotate no_reflect no_shear #
rgb_color-st-attrib $-1 $430 $-1 $31 0.5 1 1 #
lump $-1 $-1 $431 $31 #
transform $-1 -1 0 -1.2246063538223773e-016 0 1 0 1.2246063538223773e-016 0 -1 0 -1.5625 4.43675 1 rotate no_reflect no_shear #
rgb_color-st-attrib $-1 $432 $-1 $32 0.5 1 1 #
lump $-1 $-1 $433 $32 #
transform $-1 -1 0 -1.2246063538223773e-016 0 1 0 1.2246063538223773e-016 0 -1 1.4664661087022939e-017 -1.5625 3.1607500000000002 1 rotate no_reflect no_shear #
rgb_color-st-attrib $-1 $434 $-1 $33 0.5 1 1 #
lump $-1 $-1 $435 $33 #
transform $-1 -1 0 -1.2246063538223773e-016 0 1 0 1.2246063538223773e-016 0 -1 2.0804361293956486 0.67597467519519705 4.3747500000000006 1 rotate no_reflect no_shear #
rgb_color-st-attrib $-1 $436 $-1 $34 0.5 1 1 #
lump $-1 $-1 $437 $34 #
transform $-1 -1 0 -1.2246063538223773e-016 0 1 0 1.2246063538223773e-016 0 -1 1.4266156761421682 0.46343038591079116 2.8685999999999998 1 rotate no_reflect no_shear #
rgb_color-st-attrib $-1 $438 $-1 $35 0.5 1 1 #
lump $-1 $-1 $439 $35 #
transform $-1 -1 0 -1.2246063538223773e-016 0 1 0 1.2246063538223773e-016 0 -1 1.2857802393897855 -1.7697246751951972 4.3747500000000006 1 rotate no_reflect no_shear #
rgb_color-st-attrib $-1 $440 $-1 $36 0.5 1 1 #
lump $-1 $-1 $441 $36 #
transform $-1 -1 0 -1.2246063538223773e-016 0 1 0 1.2246063538223773e-016 0 -1 0.88159697673927262 -1.2135842700876505 2.8685999999999998 1 rotate no_reflect no_shear #
rgb_color-st-attrib $-1 $442 $-1 $37 0.5 1 1 #
lump $-1 $-1 $443 $37 #
transform $-1 -1 0 -1.2246063538223773e-016 0 1 0 1.2246063538223773e-016 0 -1 -1.2857802393897855 -1.7697246751951976 4.3747500000000006 1 rotate no_reflect no_shear #
rgb_color-st-attrib $-1 $444 $-1 $38 0.5 1 1 #
lump $-1 $-1 $445 $38 #
transform $-1 -1 0 -1.2246063538223773e-016 0 1 0 1.2246063538223773e-016 0 -1 -0.88175878013814746 -1.2134667130371921 2.8685999999999998 1 rotate no_reflect no_shear #
rgb_color-st-attrib $-1 $446 $-1 $39 0.5 1 1 #
lump $-1 $-1 $447 $39 #
transform $-1 -1 0 -1.2246063538223773e-016 0 1 0 1.2246063538223773e-016 0 -1 -2.0804361293956477 0.67597467519519761 4.3747500000000006 1 rotate no_reflect no_shear #
rgb_color-st-attrib $-1 $448 $-1 $40 0.5 1 1 #
lump $-1 $-1 $449 $40 #
transform $-1 -1 0 -1.2246063538223773e-016 0 1 0 1.2246063538223773e-016 0 -1 -1.4265538727432929 0.46362059721405058 2.8685999999999998 1 rotate no_reflect no_shear #
rgb_color-st-attrib $-1 $450 $-1 $41 0.5 1 1 #
lump $-1 $-1 $451 $41 #
transform $-1 -1 0 -1.2246063538223773e-016 0 1 0 1.2246063538223773e-016 0 -1 0 2.1875 4.3747500000000006 1 rotate no_reflect no_shear #
rgb_color-st-attrib $-1 $452 $-1 $42 0.5 1 1 #
lump $-1 $-1 $453 $42 #
transform $-1 -1 0 -1.2246063538223773e-016 0 1 0 1.2246063538223773e-016 0 -1 0.0001 1.5 2.8685999999999998 1 rotate no_reflect no_shear #
rgb_color-st-attrib $-1 $454 $-1 $43 0.5 1 1 #
lump $-1 $-1 $455 $43 #
transform $-1 -3.6412044420930692e-016 -1.1830990412467891e-016 -1 -0.3090169943749474 0.95105651629515353 0 0.95105651629515353 0.3090169943749474 -3.8285889215894375e-016 1.45481553116268 0.47269822046029192 0.68699999999999994 1 rotate no_reflect no_shear #
rgb_color-st-attrib $-1 $456 $-1 $44 0.5 1 1 #
lump $-1 $-1 $457 $44 #
transform $-1 -2.2503881052006145e-016 3.0973935020415084e-016 -1 0.80901699437494756 0.58778525229247292 0 0.58778525229247292 -0.80901699437494756 -3.8285889215894375e-016 0.899125445479804 -1.2375400073939915 0.68699999999999994 1 rotate no_reflect no_shear #
rgb_color-st-attrib $-1 $458 $-1 $45 0.5 1 1 #
lump $-1 $-1 $459 $45 #
transform $-1 2.2503881052006155e-016 3.0973935020415079e-016 -1 0.80901699437494734 -0.58778525229247325 0 -0.58778525229247325 -0.80901699437494734 -3.8285889215894375e-016 -0.89912544551344431 -1.2375400074402938 0.68699999999999994 1 rotate no_reflect no_shear #
rgb_color-st-attrib $-1 $460 $-1 $46 0.5 1 1 #
lump $-1 $-1 $461 $46 #
transform $-1 3.6412044420930692e-016 -1.1830990412467896e-016 -1 -0.30901699437494751 -0.95105651629515353 0 -0.95105651629515353 0.30901699437494751 -3.8285889215894375e-016 -1.4548155311855246 0.47269822046771504 0.68699999999999983 1 rotate no_reflect no_shear #
rgb_color-st-attrib $-1 $462 $-1 $47 0.5 1 1 #
lump $-1 $-1 $463 $47 #
transform $-1 1 0 0 0 -3.8285889215894375e-016 -1 0 1 -3.8285889215894375e-016 0 1.529683574095819 0.68699999999999994 1 rotate no_reflect no_shear #
rgb_color-st-attrib $-1 $464 $-1 $48 0.5 1 1 #
lump $-1 $-1 $465 $48 #
transform $-1 -3.8285889215894375e-016 0 -1 0 1 0 1 0 -3.8285889215894375e-016 0.8293726898520507 1.5 0.75 1 rotate no_reflect no_shear #
rgb_color-st-attrib $-1 $466 $-1 $49 0.5 1 1 #
lump $-1 $-1 $467 $49 #
transform $-1 -1.1830990412467894e-016 -3.6412044420930692e-016 -1 -0.95105651629515353 0.30901699437494745 0 0.30901699437494745 0.95105651629515353 -3.8285889215894375e-016 -1.1702945186079841 1.2523057926834533 0.74999999999999989 1 rotate no_reflect no_shear #
rgb_color-st-attrib $-1 $468 $-1 $50 0.5 1 1 #
lump $-1 $-1 $469 $50 #
transform $-1 3.0973935020415079e-016 -2.2503881052006155e-016 -1 -0.58778525229247325 -0.80901699437494734 0 -0.80901699437494734 0.58778525229247325 -3.8285889215894375e-016 -1.5526544791994812 -0.72603245581324594 0.74999999999999978 1 rotate no_reflect no_shear #
rgb_color-st-attrib $-1 $470 $-1 $51 0.5 1 1 #
lump $-1 $-1 $471 $51 #
transform $-1 3.0973935020415084e-016 2.2503881052006145e-016 -0.99999999999999989 0.58778525229247303 -0.80901699437494756 0 -0.80901699437494756 -0.58778525229247303 -3.828588921589437e-016 0.21070127767793856 -1.7010185273115959 0.74999999999999944 1 rotate no_reflect no_shear #
rgb_color-st-attrib $-1 $472 $-1 $52 0.5 1 1 #
lump $-1 $-1 $473 $52 #
transform $-1 -1.1830990412467884e-016 3.6412044420930697e-016 -1 0.95105651629515364 0.30901699437494723 0 0.30901699437494723 -0.95105651629515364 -3.8285889215894375e-016 1.6828750302774762 -0.3252548095586113 0.74999999999999989 1 rotate no_reflect no_shear #
rgb_color-st-attrib $-1 $474 $-1 $53 0.5 1 1 #
lump $-1 $-1 $475 $53 #
transform $-1 -3.8285889215894375e-016 0 -1 0 1 0 1 0 -3.8285889215894375e-016 0.82937268985205082 1.5 1.3120000000000001 1 rotate no_reflect no_shear #
rgb_color-st-attrib $-1 $476 $-1 $54 0.5 1 1 #
lump $-1 $-1 $477 $54 #
transform $-1 -1.1830990412467894e-016 -3.6412044420930692e-016 -1 -0.95105651629515353 0.30901699437494745 0 0.30901699437494745 0.95105651629515353 -3.8285889215894375e-016 -1.1702945186079841 1.2523057926834533 1.3119999999999998 1 rotate no_reflect no_shear #
rgb_color-st-attrib $-1 $478 $-1 $55 0.5 1 1 #
lump $-1 $-1 $479 $55 #
transform $-1 3.0973935020415079e-016 -2.2503881052006155e-016 -1 -0.58778525229247325 -0.80901699437494734 0 -0.80901699437494734 0.58778525229247325 -3.8285889215894375e-016 -1.5526544791994814 -0.72603245581324583 1.3119999999999998 1 rotate no_reflect no_shear #
rgb_color-st-attrib $-1 $480 $-1 $56 0.5 1 1 #
lump $-1 $-1 $481 $56 #
transform $-1 3.0973935020415084e-016 2.2503881052006145e-016 -0.99999999999999989 0.58778525229247303 -0.80901699437494756 0 -0.80901699437494756 -0.58778525229247303 -3.828588921589437e-016 0.2107012776779387 -1.7010185273115961 1.3119999999999996 1 rotate no_reflect no_shear #
rgb_color-st-attrib $-1 $482 $-1 $57 0.5 1 1 #
lump $-1 $-1 $483 $57 #
transform $-1 -1.1830990412467884e-016 3.6412044420930697e-016 -1 0.95105651629515364 0.30901699437494723 0 0.30901699437494723 -0.95105651629515364 -3.8285889215894375e-016 1.6828750302774764 -0.32525480955861164 1.3120000000000001 1 rotate no_reflect no_shear #
rgb_color-st-attrib $-1 $484 $-1 $58 0.5 1 1 #
lump $-1 $-1 $485 $58 #
transform $-1 -3.8285889215894375e-016 0 -1 0 1 0 1 0 -3.8285889215894375e-016 1.310418340358336 1.5 0.75 1 rotate no_reflect no_shear #
rgb_color-st-attrib $-1 $486 $-1 $59 0.5 1 1 #
lump $-1 $-1 $487 $59 #
transform $-1 -1.1830990412467894e-016 -3.6412044420930692e-016 -1 -0.95105651629515353 0.30901699437494745 0 0.30901699437494745 0.95105651629515353 -3.8285889215894375e-016 -1.0216432376958975 1.7098073927265951 0.74999999999999989 1 rotate no_reflect no_shear #
rgb_color-st-attrib $-1 $488 $-1 $60 0.5 1 1 #
lump $-1 $-1 $489 $60 #
transform $-1 3.0973935020415079e-016 -2.2503881052006155e-016 -1 -0.58778525229247325 -0.80901699437494734 0 -0.80901699437494734 0.58778525229247325 -3.8285889215894375e-016 -1.9418285855951649 -0.44328091671829833 0.74999999999999989 1 rotate no_reflect no_shear #
rgb_color-st-attrib $-1 $490 $-1 $61 0.5 1 1 #
lump $-1 $-1 $491 $61 #
transform $-1 3.0973935020415084e-016 2.2503881052006145e-016 -0.99999999999999989 0.58778525229247303 -0.80901699437494756 0 -0.80901699437494756 -0.58778525229247303 -3.828588921589437e-016 -0.17847282815516385 -1.9837700659978039 0.74999999999999956 1 rotate no_reflect no_shear #
rgb_color-st-attrib $-1 $492 $-1 $62 0.5 1 1 #
lump $-1 $-1 $493 $62 #
transform $-1 -1.1830990412467884e-016 3.6412044420930697e-016 -1 0.95105651629515364 0.30901699437494723 0 0.30901699437494723 -0.95105651629515364 -3.8285889215894375e-016 1.8315263111043532 -0.78275640933950674 0.74999999999999989 1 rotate no_reflect no_shear #
rgb_color-st-attrib $-1 $494 $-1 $63 0.5 1 1 #
lump $-1 $-1 $495 $63 #
transform $-1 -3.8285889215894375e-016 0 -1 0 1 0 1 0 -3.8285889215894375e-016 1.310418340358336 1.5 1.3120000000000001 1 rotate no_reflect no_shear #
rgb_color-st-attrib $-1 $496 $-1 $64 0.5 1 1 #
lump $-1 $-1 $497 $64 #
transform $-1 -1.1830990412467894e-016 -3.6412044420930692e-016 -1 -0.95105651629515353 0.30901699437494745 0 0.30901699437494745 0.95105651629515353 -3.8285889215894375e-016 -1.0216432376958975 1.7098073927265953 1.3119999999999998 1 rotate no_reflect no_shear #
rgb_color-st-attrib $-1 $498 $-1 $65 0.5 1 1 #
lump $-1 $-1 $499 $65 #
transform $-1 3.0973935020415079e-016 -2.2503881052006155e-016 -1 -0.58778525229247325 -0.80901699437494734 0 -0.80901699437494734 0.58778525229247325 -3.8285889215894375e-016 -1.9418285855951649 -0.44328091671829889 1.3120000000000001 1 rotate no_reflect no_shear #
rgb_color-st-attrib $-1 $500 $-1 $66 0.5 1 1 #
lump $-1 $-1 $501 $66 #
transform $-1 3.0973935020415084e-016 2.2503881052006145e-016 -0.99999999999999989 0.58778525229247303 -0.80901699437494756 0 -0.80901699437494756 -0.58778525229247303 -3.828588921589437e-016 -0.17847282815516327 -1.9837700659978033 1.3119999999999994 1 rotate no_reflect no_shear #
rgb_color-st-attrib $-1 $502 $-1 $67 0.5 1 1 #
lump $-1 $-1 $503 $67 #
transform $-1 -1.1830990412467884e-016 3.6412044420930697e-016 -1 0.95105651629515364 0.30901699437494723 0 0.30901699437494723 -0.95105651629515364 -3.8285889215894375e-016 1.8315263111043538 -0.78275640933950708 1.3119999999999998 1 rotate no_reflect no_shear #
rgb_color-st-attrib $-1 $504 $-1 $68 0.5 1 1 #
lump $-1 $-1 $505 $68 #
transform $-1 0.54551785998577562 -0.17724949735620341 -0.81914155072460637 -0.30901699437494751 -0.95105651629515353 0 -0.77904990958475395 0.25312865997255146 -0.57359142242234329 -0.9671709763962153 0.32087711186864265 4.0721808122741248 1 rotate no_reflect no_shear #
rgb_color-st-attrib $-1 $506 $-1 $69 0.5 1 1 #
lump $-1 $-1 $507 $69 #
transform $-1 0.33714857894131567 0.46404520856737497 -0.81914155072460637 0.80901699437494734 -0.58778525229247325 0 -0.48147932305591051 -0.66269943533485454 -0.57359142242234329 -0.60404453634528366 -0.82067777879980497 4.0721808122741248 1 rotate no_reflect no_shear #
rgb_color-st-attrib $-1 $508 $-1 $70 0.5 1 1 #
lump $-1 $-1 $509 $70 #
transform $-1 -0.33714857894131545 0.46404520856737508 -0.81914155072460637 0.80901699437494756 0.58778525229247292 0 0.48147932305591024 -0.66269943533485465 -0.57359142242234329 0.59385092221615865 -0.82808387297869035 4.0721808122741256 1 rotate no_reflect no_shear #
rgb_color-st-attrib $-1 $510 $-1 $71 0.5 1 1 #
lump $-1 $-1 $511 $71 #
transform $-1 -0.54551785998577562 -0.17724949735620332 -0.81914155072460637 -0.3090169943749474 0.95105651629515353 0 0.77904990958475395 0.25312865997255135 -0.57359142242234329 0.97106459052533922 0.30889379976332321 4.0721808122741248 1 rotate no_reflect no_shear #
rgb_color-st-attrib $-1 $512 $-1 $72 0.5 1 1 #
lump $-1 $-1 $513 $72 #
transform $-1 2.1960457654049107e-016 -0.57359142242234329 -0.81914155072460637 -1 -3.8285889215894375e-016 0 -3.1361562663178201e-016 0.81914155072460637 -0.57359142242234329 0.0062999999999999827 1.0189907401465281 4.0721808122741248 1 rotate no_reflect no_shear #
rgb_color-st-attrib $-1 $514 $-1 $73 0.5 1 1 #
lump $-1 $-1 $515 $73 #
transform $-1 -1 0 -1.2246063538223773e-016 0 1 0 1.2246063538223773e-016 0 -1 -2.1693599136692461 -0.70486776416925456 2.0314999999999999 1 rotate no_reflect no_shear #
rgb_color-st-attrib $-1 $516 $-1 $74 0.5 1 1 #
lump $-1 $-1 $517 $74 #
transform $-1 -1 0 -1.2246063538223773e-016 0 1 0 1.2246063538223773e-016 0 -1 -2.1693599136692461 -0.70486776416925467 4.2975000000000003 1 rotate no_reflect no_shear #
rgb_color-st-attrib $-1 $518 $-1 $75 0.5 1 1 #
lump $-1 $-1 $519 $75 #
transform $-1 -1 0 -1.2246063538223773e-016 0 1 0 1.2246063538223773e-016 0 -1 -1.3407381604791317 1.845367764169255 2.0315000000000003 1 rotate no_reflect no_shear #
rgb_color-st-attrib $-1 $520 $-1 $76 0.5 1 1 #
lump $-1 $-1 $521 $76 #
transform $-1 -1 0 -1.2246063538223773e-016 0 1 0 1.2246063538223773e-016 0 -1 -1.3407381604791317 1.8453677641692547 4.2975000000000003 1 rotate no_reflect no_shear #
rgb_color-st-attrib $-1 $522 $-1 $77 0.5 1 1 #
lump $-1 $-1 $523 $77 #
transform $-1 -1 0 -1.2246063538223773e-016 0 1 0 1.2246063538223773e-016 0 -1 1.3407381604791315 1.8453677641692552 2.0315000000000003 1 rotate no_reflect no_shear #
rgb_color-st-attrib $-1 $524 $-1 $78 0.5 1 1 #
lump $-1 $-1 $525 $78 #
transform $-1 -1 0 -1.2246063538223773e-016 0 1 0 1.2246063538223773e-016 0 -1 1.3407381604791315 1.845367764169255 4.2975000000000003 1 rotate no_reflect no_shear #
rgb_color-st-attrib $-1 $526 $-1 $79 0.5 1 1 #
lump $-1 $-1 $527 $79 #
transform $-1 -1 0 -1.2246063538223773e-016 0 1 0 1.2246063538223773e-016 0 -1 2.1693599136692456 -0.70486776416925512 2.0315000000000007 1 rotate no_reflect no_shear #
rgb_color-st-attrib $-1 $528 $-1 $80 0.5 1 1 #
lump $-1 $-1 $529 $80 #
transform $-1 -1 0 -1.2246063538223773e-016 0 1 0 1.2246063538223773e-016 0 -1 2.1693599136692456 -0.70486776416925523 4.2975000000000003 1 rotate no_reflect no_shear #
rgb_color-st-attrib $-1 $530 $-1 $81 0.5 1 1 #
lump $-1 $-1 $531 $81 #
transform $-1 -1 0 -1.2246063538223773e-016 0 1 0 1.2246063538223773e-016 0 -1 2.8655788679443615e-017 -2.2810000000000001 2.0315000000000003 1 rotate no_reflect no_shear #
rgb_color-st-attrib $-1 $532 $-1 $82 0.5 1 1 #
lump $-1 $-1 $533 $82 #
transform $-1 -1 0 -1.2246063538223773e-016 0 1 0 1.2246063538223773e-016 0 -1 -6.1230317691168561e-020 -2.2810000000000001 4.2975000000000003 1 rotate no_reflect no_shear #
rgb_color-st-attrib $-1 $534 $-1 $83 0.5 1 1 #
lump $-1 $-1 $535 $83 #
transform $-1 -1 0 -1.2246063538223773e-016 0 1 0 1.2246063538223773e-016 0 -1 -0.88175878013814746 -1.2134667130371921 0.82250000000002532 1 rotate no_reflect no_shear #
rgb_color-st-attrib $-1 $536 $-1 $84 0.5 1 1 #
lump $-1 $-1 $537 $84 #
transform $-1 -1 0 -1.2246063538223773e-016 0 1 0 1.2246063538223773e-016 0 -1 0.88159697673927262 -1.2135842700876505 0.82250000000002521 1 rotate no_reflect no_shear #
rgb_color-st-attrib $-1 $538 $-1 $85 0.5 1 1 #
lump $-1 $-1 $539 $85 #
transform $-1 -1 0 -1.2246063538223773e-016 0 1 0 1.2246063538223773e-016 0 -1 1.4266156761421682 0.46343038591079116 0.82250000000002532 1 rotate no_reflect no_shear #
rgb_color-st-attrib $-1 $540 $-1 $86 0.5 1 1 #
lump $-1 $-1 $541 $86 #
transform $-1 2.19609824086358e-016 -0.57360512863623669 -0.81913195298572394 -1 -3.8285889215894375e-016 0 -3.1361195205210625e-016 0.81913195298572394 -0.57360512863623669 -1.6563726874841209e-016 1.4420286894005241 3.7868475463314772 1 rotate no_reflect no_shear #
rgb_color-st-attrib $-1 $542 $-1 $87 0.5 1 1 #
lump $-1 $-1 $543 $87 #
transform $-1 0.5455308953698127 -0.17725373280922499 -0.81913195298572394 -0.30901699437494751 -0.95105651629515353 0 -0.77904078159264811 0.25312569410812924 -0.57360512863623669 -1.3714507817389281 0.44561137140099427 3.7868475463314768 1 rotate no_reflect no_shear #
rgb_color-st-attrib $-1 $544 $-1 $88 0.5 1 1 #
lump $-1 $-1 $545 $88 #
transform $-1 0.33715663525170697 0.46405629712734325 -0.81913195298572394 0.80901699437494734 -0.58778525229247325 0 -0.48147368164654009 -0.6626916706009911 -0.57360512863623669 -0.84760319701227149 -1.1666257161012565 3.7868475463314768 1 rotate no_reflect no_shear #
rgb_color-st-attrib $-1 $546 $-1 $89 0.5 1 1 #
lump $-1 $-1 $547 $89 #
transform $-1 -0.33715663525170675 0.46405629712734336 -0.81913195298572394 0.80901699437494756 0.58778525229247292 0 0.48147368164653981 -0.66269167060099121 -0.57360512863623669 0.84760319701227127 -1.1666257161012563 3.7868475463314772 1 rotate no_reflect no_shear #
rgb_color-st-attrib $-1 $548 $-1 $90 0.5 1 1 #
lump $-1 $-1 $549 $90 #
transform $-1 -0.5455308953698127 -0.17725373280922493 -0.81913195298572394 -0.3090169943749474 0.95105651629515353 0 0.77904078159264811 0.25312569410812913 -0.57360512863623669 1.3714507817389285 0.44561137140099399 3.7868475463314768 1 rotate no_reflect no_shear #
rgb_color-st-attrib $-1 $550 $-1 $91 0.5 1 1 #
lump $-1 $-1 $551 $91 #
transform $-1 -1 0 -1.2246063538223773e-016 0 1 0 1.2246063538223773e-016 0 -1 -1.6470955458910735e-018 0 3.3765000000000001 1 rotate no_reflect no_shear #
rgb_color-st-attrib $-1 $552 $-1 $92 0.5 1 1 #
lump $-1 $-1 $553 $92 #
transform $-1 -1 0 -1.2246063538223773e-016 0 1 0 1.2246063538223773e-016 0 -1 0 0 1.5941000000000001 1 rotate no_reflect no_shear #
rgb_color-st-attrib $-1 $554 $-1 $93 0.5 1 1 #
lump $-1 $-1 $555 $93 #
transform $-1 -1 0 -1.2246063538223773e-016 0 1 0 1.2246063538223773e-016 0 -1 0 0 0.12460000000000004 1 rotate no_reflect no_shear #
rgb_color-st-attrib $-1 $556 $-1 $94 0.5 1 1 #
lump $-1 $-1 $557 $94 #
transform $-1 -1 0 -1.2246063538223773e-016 0 1 0 1.2246063538223773e-016 0 -1 0.0001 1.5 0.82250000000002521 1 rotate no_reflect no_shear #
rgb_color-st-attrib $-1 $558 $-1 $95 0.5 1 1 #
lump $-1 $-1 $559 $95 #
transform $-1 -1 0 -1.2246063538223773e-016 0 1 0 1.2246063538223773e-016 0 -1 -1.4265538727432929 0.46362059721405058 0.82250000000002521 1 rotate no_reflect no_shear #
rgb_color-st-attrib $-1 $560 $-1 $96 0.5 1 1 #
lump $-1 $-1 $561 $96 #
transform $-1 1 0 0 0 1 0 0 0 1 0 0 2.2959999999999998 1 no_rotate no_reflect no_shear #
rgb_color-st-attrib $-1 $562 $-1 $97 0.5 0.5 1 #
lump $-1 $-1 $563 $97 #
transform $-1 1 0 0 0 1 0 0 0 1 0 0 2.2959999999999998 1 no_rotate no_reflect no_shear #
face $564 $565 $566 $98 $-1 $567 reversed single #
shell $-1 $-1 $-1 $568 $-1 $100 #
model_id-kcp-attrib $-1 $-1 $102 $6 1 990557526 791 102170627 1 #
shell $-1 $-1 $-1 $569 $-1 $103 #
model_id-kcp-attrib $-1 $-1 $105 $7 1 990557526 791 102170628 1 #
shell $-1 $-1 $-1 $570 $-1 $106 #
model_id-kcp-attrib $-1 $-1 $108 $8 1 990557526 29041 108068869 1 #
shell $-1 $-1 $-1 $571 $-1 $109 #
model_id-kcp-attrib $-1 $-1 $111 $9 1 990557526 29051 108724230 1 #
shell $-1 $-1 $-1 $572 $-1 $112 #
model_id-kcp-attrib $-1 $-1 $114 $10 1 990557526 29051 108724231 1 #
shell $-1 $-1 $-1 $573 $-1 $115 #
model_id-kcp-attrib $-1 $-1 $117 $11 1 990557526 29061 109379592 1 #
shell $-1 $-1 $-1 $574 $-1 $118 #
model_id-kcp-attrib $-1 $-1 $120 $12 1 990557526 29071 110034953 1 #
shell $-1 $-1 $-1 $575 $-1 $121 #
model_id-kcp-attrib $-1 $-1 $123 $13 1 990557526 29091 111345674 1 #
shell $-1 $-1 $-1 $576 $-1 $124 #
model_id-kcp-attrib $-1 $-1 $126 $14 1 990557526 29111 112656395 1 #
shell $-1 $-1 $-1 $577 $-1 $127 #
model_id-kcp-attrib $-1 $-1 $129 $15 1 990557526 29131 113967116 1 #
shell $-1 $-1 $-1 $578 $-1 $130 #
model_id-kcp-attrib $-1 $-1 $132 $16 1 990557526 29161 115933197 1 #
shell $-1 $-1 $-1 $579 $-1 $133 #
model_id-kcp-attrib $-1 $-1 $135 $17 1 990557526 29181 117243918 1 #
shell $-1 $-1 $-1 $580 $-1 $136 #
model_id-kcp-attrib $-1 $-1 $138 $18 1 990557526 29201 101777423 1 #
shell $-1 $-1 $-1 $581 $-1 $139 #
model_id-kcp-attrib $-1 $-1 $141 $19 1 990557526 29222 103153680 1 #
shell $-1 $-1 $-1 $582 $-1 $142 #
model_id-kcp-attrib $-1 $-1 $144 $20 1 990557526 29222 103153681 1 #
shell $-1 $-1 $-1 $583 $-1 $145 #
model_id-kcp-attrib $-1 $-1 $147 $21 1 990557526 29232 103809042 1 #
shell $-1 $-1 $-1 $584 $-1 $148 #
model_id-kcp-attrib $-1 $-1 $150 $22 1 990557526 29232 103809043 1 #
shell $-1 $-1 $-1 $585 $-1 $151 #
model_id-kcp-attrib $-1 $-1 $153 $23 1 990557526 29242 104464404 1 #
shell $-1 $-1 $-1 $586 $-1 $154 #
model_id-kcp-attrib $-1 $-1 $156 $24 1 990557526 29242 104464405 1 #
shell $-1 $-1 $-1 $587 $-1 $157 #
model_id-kcp-attrib $-1 $-1 $159 $25 1 990557526 29252 105119766 1 #
shell $-1 $-1 $-1 $588 $-1 $160 #
model_id-kcp-attrib $-1 $-1 $162 $26 1 990557526 29252 105119767 1 #
shell $-1 $-1 $-1 $589 $-1 $163 #
model_id-kcp-attrib $-1 $-1 $165 $27 1 990557526 29262 105775128 1 #
shell $-1 $-1 $-1 $590 $-1 $166 #
model_id-kcp-attrib $-1 $-1 $168 $28 1 990557526 29262 105775129 1 #
shell $-1 $-1 $-1 $591 $-1 $169 #
model_id-kcp-attrib $-1 $-1 $171 $29 1 990557526 29282 107085850 1 #
shell $-1 $-1 $-1 $592 $-1 $172 #
model_id-kcp-attrib $-1 $-1 $174 $30 1 990557526 29282 107085851 1 #
shell $-1 $-1 $-1 $593 $-1 $175 #
model_id-kcp-attrib $-1 $-1 $177 $31 1 990557526 29292 107741212 1 #
shell $-1 $-1 $-1 $594 $-1 $178 #
model_id-kcp-attrib $-1 $-1 $180 $32 1 990557526 29292 107741213 1 #
shell $-1 $-1 $-1 $595 $-1 $181 #
model_id-kcp-attrib $-1 $-1 $183 $33 1 990557526 29302 108396574 1 #
shell $-1 $-1 $-1 $596 $-1 $184 #
model_id-kcp-attrib $-1 $-1 $186 $34 1 990557526 29312 109051935 1 #
shell $-1 $-1 $-1 $597 $-1 $187 #
model_id-kcp-attrib $-1 $-1 $189 $35 1 990557526 29332 110362656 1 #
shell $-1 $-1 $-1 $598 $-1 $190 #
model_id-kcp-attrib $-1 $-1 $192 $36 1 990557526 29342 111018017 1 #
shell $-1 $-1 $-1 $599 $-1 $193 #
model_id-kcp-attrib $-1 $-1 $195 $37 1 990557526 29352 111673378 1 #
shell $-1 $-1 $-1 $600 $-1 $196 #
model_id-kcp-attrib $-1 $-1 $198 $38 1 990557526 29362 112328739 1 #
shell $-1 $-1 $-1 $601 $-1 $199 #
model_id-kcp-attrib $-1 $-1 $201 $39 1 990557526 29372 112984100 1 #
shell $-1 $-1 $-1 $602 $-1 $202 #
model_id-kcp-attrib $-1 $-1 $204 $40 1 990557526 29382 113639461 1 #
shell $-1 $-1 $-1 $603 $-1 $205 #
model_id-kcp-attrib $-1 $-1 $207 $41 1 990557526 29392 114294822 1 #
shell $-1 $-1 $-1 $604 $-1 $208 #
model_id-kcp-attrib $-1 $-1 $210 $42 1 990557526 29402 114950183 1 #
shell $-1 $-1 $-1 $605 $-1 $211 #
model_id-kcp-attrib $-1 $-1 $213 $43 1 990557526 29412 115605544 1 #
shell $-1 $-1 $-1 $606 $-1 $214 #
model_id-kcp-attrib $-1 $-1 $216 $44 1 990557526 29432 116916265 1 #
shell $-1 $-1 $-1 $607 $-1 $217 #
model_id-kcp-attrib $-1 $-1 $219 $45 1 990557526 29442 100794410 1 #
shell $-1 $-1 $-1 $608 $-1 $220 #
model_id-kcp-attrib $-1 $-1 $222 $46 1 990557526 29462 102105131 1 #
shell $-1 $-1 $-1 $609 $-1 $223 #
model_id-kcp-attrib $-1 $-1 $225 $47 1 990557526 29472 102760492 1 #
shell $-1 $-1 $-1 $610 $-1 $226 #
model_id-kcp-attrib $-1 $-1 $228 $48 1 990557526 29472 102760493 1 #
shell $-1 $-1 $-1 $611 $-1 $229 #
model_id-kcp-attrib $-1 $-1 $231 $49 1 990557526 29482 103415854 1 #
shell $-1 $-1 $-1 $612 $-1 $232 #
model_id-kcp-attrib $-1 $-1 $234 $50 1 990557526 29482 103415855 1 #
shell $-1 $-1 $-1 $613 $-1 $235 #
model_id-kcp-attrib $-1 $-1 $237 $51 1 990557526 29492 104071216 1 #
shell $-1 $-1 $-1 $614 $-1 $238 #
model_id-kcp-attrib $-1 $-1 $240 $52 1 990557526 29492 104071217 1 #
shell $-1 $-1 $-1 $615 $-1 $241 #
model_id-kcp-attrib $-1 $-1 $243 $53 1 990557526 29502 104726578 1 #
shell $-1 $-1 $-1 $616 $-1 $244 #
model_id-kcp-attrib $-1 $-1 $246 $54 1 990557526 29502 104726579 1 #
shell $-1 $-1 $-1 $617 $-1 $247 #
model_id-kcp-attrib $-1 $-1 $249 $55 1 990557526 29512 105381940 1 #
shell $-1 $-1 $-1 $618 $-1 $250 #
model_id-kcp-attrib $-1 $-1 $252 $56 1 990557526 29512 105381941 1 #
shell $-1 $-1 $-1 $619 $-1 $253 #
model_id-kcp-attrib $-1 $-1 $255 $57 1 990557526 29522 106037302 1 #
shell $-1 $-1 $-1 $620 $-1 $256 #
model_id-kcp-attrib $-1 $-1 $258 $58 1 990557526 29522 106037303 1 #
shell $-1 $-1 $-1 $621 $-1 $259 #
model_id-kcp-attrib $-1 $-1 $261 $59 1 990557526 29532 106692664 1 #
shell $-1 $-1 $-1 $622 $-1 $262 #
model_id-kcp-attrib $-1 $-1 $264 $60 1 990557526 29542 107348025 1 #
shell $-1 $-1 $-1 $623 $-1 $265 #
model_id-kcp-attrib $-1 $-1 $267 $61 1 990557526 29542 107348026 1 #
shell $-1 $-1 $-1 $624 $-1 $268 #
model_id-kcp-attrib $-1 $-1 $270 $62 1 990557526 29552 108003387 1 #
shell $-1 $-1 $-1 $625 $-1 $271 #
model_id-kcp-attrib $-1 $-1 $273 $63 1 990557526 29552 108003388 1 #
shell $-1 $-1 $-1 $626 $-1 $274 #
model_id-kcp-attrib $-1 $-1 $276 $64 1 990557526 29562 108658749 1 #
shell $-1 $-1 $-1 $627 $-1 $277 #
model_id-kcp-attrib $-1 $-1 $279 $65 1 990557526 29572 109314110 1 #
shell $-1 $-1 $-1 $628 $-1 $280 #
model_id-kcp-attrib $-1 $-1 $282 $66 1 990557526 29582 109969471 1 #
shell $-1 $-1 $-1 $629 $-1 $283 #
model_id-kcp-attrib $-1 $-1 $285 $67 1 990557526 29582 109969472 1 #
shell $-1 $-1 $-1 $630 $-1 $286 #
model_id-kcp-attrib $-1 $-1 $288 $68 1 990557526 29592 110624833 1 #
shell $-1 $-1 $-1 $631 $-1 $289 #
model_id-kcp-attrib $-1 $-1 $291 $69 1 990557526 29592 110624834 1 #
shell $-1 $-1 $-1 $632 $-1 $292 #
model_id-kcp-attrib $-1 $-1 $294 $70 1 990557526 29602 111280195 1 #
shell $-1 $-1 $-1 $633 $-1 $295 #
model_id-kcp-attrib $-1 $-1 $297 $71 1 990557526 29612 111935556 1 #
shell $-1 $-1 $-1 $634 $-1 $298 #
model_id-kcp-attrib $-1 $-1 $300 $72 1 990557526 29612 111935557 1 #
shell $-1 $-1 $-1 $635 $-1 $301 #
model_id-kcp-attrib $-1 $-1 $303 $73 1 990557526 29622 112590918 1 #
shell $-1 $-1 $-1 $636 $-1 $304 #
model_id-kcp-attrib $-1 $-1 $306 $74 1 990557526 29632 113246279 1 #
shell $-1 $-1 $-1 $637 $-1 $307 #
model_id-kcp-attrib $-1 $-1 $309 $75 1 990557526 29642 113901640 1 #
shell $-1 $-1 $-1 $638 $-1 $310 #
model_id-kcp-attrib $-1 $-1 $312 $76 1 990557526 29642 113901641 1 #
shell $-1 $-1 $-1 $639 $-1 $313 #
model_id-kcp-attrib $-1 $-1 $315 $77 1 990557526 29652 114557002 1 #
shell $-1 $-1 $-1 $640 $-1 $316 #
model_id-kcp-attrib $-1 $-1 $318 $78 1 990557526 29652 114557003 1 #
shell $-1 $-1 $-1 $641 $-1 $319 #
model_id-kcp-attrib $-1 $-1 $321 $79 1 990557526 29662 115212364 1 #
shell $-1 $-1 $-1 $642 $-1 $322 #
model_id-kcp-attrib $-1 $-1 $324 $80 1 990557526 29672 115867725 1 #
shell $-1 $-1 $-1 $643 $-1 $325 #
model_id-kcp-attrib $-1 $-1 $327 $81 1 990557526 29672 115867726 1 #
shell $-1 $-1 $-1 $644 $-1 $328 #
model_id-kcp-attrib $-1 $-1 $330 $82 1 990557526 29682 116523087 1 #
shell $-1 $-1 $-1 $645 $-1 $331 #
model_id-kcp-attrib $-1 $-1 $333 $83 1 990557526 29702 101056592 1 #
shell $-1 $-1 $-1 $646 $-1 $334 #
model_id-kcp-attrib $-1 $-1 $336 $84 1 990557526 29722 102367313 1 #
shell $-1 $-1 $-1 $647 $-1 $337 #
model_id-kcp-attrib $-1 $-1 $339 $85 1 990557526 29742 103678034 1 #
shell $-1 $-1 $-1 $648 $-1 $340 #
model_id-kcp-attrib $-1 $-1 $342 $86 1 990557526 29742 103678035 1 #
shell $-1 $-1 $-1 $649 $-1 $343 #
model_id-kcp-attrib $-1 $-1 $345 $87 1 990557526 29752 104333396 1 #
shell $-1 $-1 $-1 $650 $-1 $346 #
model_id-kcp-attrib $-1 $-1 $348 $88 1 990557526 29762 104988757 1 #
shell $-1 $-1 $-1 $651 $-1 $349 #
model_id-kcp-attrib $-1 $-1 $351 $89 1 990557526 29772 105644118 1 #
shell $-1 $-1 $-1 $652 $-1 $352 #
model_id-kcp-attrib $-1 $-1 $354 $90 1 990557526 29772 105644119 1 #
shell $-1 $-1 $-1 $653 $-1 $355 #
model_id-kcp-attrib $-1 $-1 $357 $91 1 990557526 29782 106299480 1 #
shell $-1 $-1 $-1 $654 $-1 $358 #
model_id-kcp-attrib $-1 $-1 $360 $92 1 990557526 29792 106954841 1 #
shell $-1 $-1 $-1 $655 $-1 $361 #
model_id-kcp-attrib $-1 $-1 $363 $93 1 990557526 29792 106954842 1 #
shell $-1 $-1 $-1 $656 $-1 $364 #
model_id-kcp-attrib $-1 $-1 $366 $94 1 990557526 29812 108265563 1 #
shell $-1 $-1 $-1 $657 $-1 $367 #
model_id-kcp-attrib $-1 $-1 $369 $95 1 990557526 29832 109576284 1 #
shell $-1 $-1 $-1 $658 $-1 $370 #
model_id-kcp-attrib $-1 $-1 $372 $96 1 990557526 50592 111149149 1 #
shell $-1 $-1 $-1 $659 $-1 $373 #
model_id-kcp-attrib $-1 $-1 $375 $97 1 990557526 51123 112394334 1 #
shell $-1 $-1 $-1 $660 $-1 $376 #
model_id-kcp-attrib $-1 $-1 $-1 $378 1 990557526 650 109707265 2 #
face $661 $662 $663 $98 $-1 $664 reversed single #
loop $-1 $-1 $665 $378 #
plane-surface $-1 0.23380000000000001 1.3356000000000001 2.4670000000000001 0 0 1 1 0 0 forward_v I I I I #
face $666 $667 $668 $379 $-1 $669 forward single #
face $-1 $670 $671 $381 $-1 $672 reversed single #
face $-1 $673 $674 $383 $-1 $675 reversed single #
face $-1 $676 $677 $385 $-1 $678 forward single #
face $-1 $679 $680 $387 $-1 $681 forward single #
face $-1 $682 $683 $389 $-1 $684 forward single #
face $-1 $685 $686 $391 $-1 $687 forward single #
face $-1 $688 $689 $393 $-1 $690 forward single #
face $-1 $691 $692 $395 $-1 $693 forward single #
face $-1 $694 $695 $397 $-1 $696 forward single #
face $-1 $697 $698 $399 $-1 $699 forward single #
face $-1 $700 $701 $401 $-1 $702 forward single #
face $-1 $703 $704 $403 $-1 $705 forward single #
face $-1 $706 $707 $405 $-1 $708 forward single #
face $-1 $709 $710 $407 $-1 $711 forward single #
face $-1 $712 $713 $409 $-1 $714 forward single #
face $-1 $715 $716 $411 $-1 $717 forward single #
face $-1 $718 $719 $413 $-1 $720 forward single #
face $-1 $721 $722 $415 $-1 $723 forward single #
face $-1 $724 $725 $417 $-1 $726 forward single #
face $-1 $727 $728 $419 $-1 $729 forward single #
face $-1 $730 $731 $421 $-1 $732 forward single #
face $-1 $733 $734 $423 $-1 $735 forward single #
face $-1 $736 $737 $425 $-1 $738 forward single #
face $-1 $739 $740 $427 $-1 $741 forward single #
face $-1 $742 $743 $429 $-1 $744 forward single #
face $-1 $745 $746 $431 $-1 $747 forward single #
face $-1 $748 $749 $433 $-1 $750 forward single #
face $-1 $751 $752 $435 $-1 $753 forward single #
face $-1 $754 $755 $437 $-1 $756 forward single #
face $-1 $757 $758 $439 $-1 $759 forward single #
face $-1 $760 $761 $441 $-1 $762 forward single #
face $-1 $763 $764 $443 $-1 $765 forward single #
face $-1 $766 $767 $445 $-1 $768 forward single #
face $-1 $769 $770 $447 $-1 $771 forward single #
face $-1 $772 $773 $449 $-1 $774 forward single #
face $-1 $775 $776 $451 $-1 $777 forward single #
face $-1 $778 $779 $453 $-1 $780 forward single #
face $-1 $781 $782 $455 $-1 $783 forward single #
face $-1 $784 $785 $457 $-1 $786 forward single #
face $-1 $787 $788 $459 $-1 $789 forward single #
face $-1 $790 $791 $461 $-1 $792 forward single #
