600 0 2 0           
24 FBMach with ACIS - 6.0.3 13 ACIS 6.0.3 NT 24 Mon Apr 01 16:51:12 2002 
1 9.9999999999999995e-007 1e-010 
body $2 $3 $-1 $4 #
bdycol-kcp $-1 1 95 $5 $6 $7 $8 $9 $10 $11 $12 $13 $14 $15 $16 $17 $18 $19 $20 $21 $22 $23 $24 $25 $26 $27 $28 $29 $30 $31 $32 $33 $34 $35 $36 $37 $38 $39 $40 $41 $42 $43 $44 $45 $46 $47 $48 $49 $50 $51 $52 $53 $54 $55 $56 $57 $58 $59 $60 $61 $62 $63 $64 $65 $66 $67 $68 $69 $70 $71 $72 $73 $74 $75 $76 $77 $78 $79 $80 $81 $82 $83 $84 $85 $86 $87 $88 $89 $90 $91 $92 $93 $94 $95 $96 $97 $98 $99 #
model_id-kcp-attrib $-1 $100 $-1 $0 1 1017697657 811 -1960116223 1 #
lump $-1 $-1 $101 $0 #
transform $-1 1 0 0 0 1 0 0 0 1 0 0 0 1 rotate no_reflect no_shear #
body $102 $103 $-1 $104 #
body $105 $106 $-1 $107 #
body $108 $109 $-1 $110 #
body $111 $112 $-1 $113 #
body $114 $115 $-1 $116 #
body $117 $118 $-1 $119 #
body $120 $121 $-1 $122 #
body $123 $124 $-1 $125 #
body $126 $127 $-1 $128 #
body $129 $130 $-1 $131 #
body $132 $133 $-1 $134 #
body $135 $136 $-1 $137 #
body $138 $139 $-1 $140 #
body $141 $142 $-1 $143 #
body $144 $145 $-1 $146 #
body $147 $148 $-1 $149 #
body $150 $151 $-1 $152 #
body $153 $154 $-1 $155 #
body $156 $157 $-1 $158 #
body $159 $160 $-1 $161 #
body $162 $163 $-1 $164 #
body $165 $166 $-1 $167 #
body $168 $169 $-1 $170 #
body $171 $172 $-1 $173 #
body $174 $175 $-1 $176 #
body $177 $178 $-1 $179 #
body $180 $181 $-1 $182 #
body $183 $184 $-1 $185 #
body $186 $187 $-1 $188 #
body $189 $190 $-1 $191 #
body $192 $193 $-1 $194 #
body $195 $196 $-1 $197 #
body $198 $199 $-1 $200 #
body $201 $202 $-1 $203 #
body $204 $205 $-1 $206 #
body $207 $208 $-1 $209 #
body $210 $211 $-1 $212 #
body $213 $214 $-1 $215 #
body $216 $217 $-1 $218 #
body $219 $220 $-1 $221 #
body $222 $223 $-1 $224 #
body $225 $226 $-1 $227 #
body $228 $229 $-1 $230 #
body $231 $232 $-1 $233 #
body $234 $235 $-1 $236 #
body $237 $238 $-1 $239 #
body $240 $241 $-1 $242 #
body $243 $244 $-1 $245 #
body $246 $247 $-1 $248 #
body $249 $250 $-1 $251 #
body $252 $253 $-1 $254 #
body $255 $256 $-1 $257 #
body $258 $259 $-1 $260 #
body $261 $262 $-1 $263 #
body $264 $265 $-1 $266 #
body $267 $268 $-1 $269 #
body $270 $271 $-1 $272 #
body $273 $274 $-1 $275 #
body $276 $277 $-1 $278 #
body $279 $280 $-1 $281 #
body $282 $283 $-1 $284 #
body $285 $286 $-1 $287 #
body $288 $289 $-1 $290 #
body $291 $292 $-1 $293 #
body $294 $295 $-1 $296 #
body $297 $298 $-1 $299 #
body $300 $301 $-1 $302 #
body $303 $304 $-1 $305 #
body $306 $307 $-1 $308 #
body $309 $310 $-1 $311 #
body $312 $313 $-1 $314 #
body $315 $316 $-1 $317 #
body $318 $319 $-1 $320 #
body $321 $322 $-1 $323 #
body $324 $325 $-1 $326 #
body $327 $328 $-1 $329 #
body $330 $331 $-1 $332 #
body $333 $334 $-1 $335 #
body $336 $337 $-1 $338 #
body $339 $340 $-1 $341 #
body $342 $343 $-1 $344 #
body $345 $346 $-1 $347 #
body $348 $349 $-1 $350 #
body $351 $352 $-1 $353 #
body $354 $355 $-1 $356 #
body $357 $358 $-1 $359 #
body $360 $361 $-1 $362 #
body $363 $364 $-1 $365 #
body $366 $367 $-1 $368 #
body $369 $370 $-1 $371 #
body $372 $373 $-1 $374 #
body $375 $376 $-1 $377 #
body $378 $379 $-1 $380 #
body $381 $382 $-1 $383 #
body $384 $385 $-1 $386 #
aggregate_advspl_attribute-aggregate_geombuild_base_attribute-aggregate_body_attribute-attrib_HH-attrib $-1 $387 $2 $0 F #
shell $-1 $-1 $-1 $388 $-1 $3 #
model_id-kcp-attrib $-1 $-1 $-1 $5 1 1017697657 851 -1957494782 1 #
lump $-1 $-1 $389 $5 #
transform $-1 1 0 0 0 1 0 0 0 1 0 0 2.2964038501286659 1 no_rotate no_reflect no_shear #
rgb_color-st-attrib $-1 $390 $-1 $6 1 1 0.5 #
lump $-1 $-1 $391 $6 #
transform $-1 1 0 0 0 -1 0 0 0 -1 0 0 3.2311377419354859 1 rotate no_reflect no_shear #
rgb_color-st-attrib $-1 $392 $-1 $7 1 1 0.5 #
lump $-1 $-1 $393 $7 #
transform $-1 1 0 0 0 -1 0 0 0 -1 0 0 3.6404999999999998 1 rotate no_reflect no_shear #
rgb_color-st-attrib $-1 $394 $-1 $8 0.5 1 1 #
lump $-1 $-1 $395 $8 #
transform $-1 -1 0 -1.2246063538223773e-016 0 1 0 1.2246063538223773e-016 0 -1 0.67947975165009911 0.93522364549743942 3.43675 1 rotate no_reflect no_shear #
rgb_color-st-attrib $-1 $396 $-1 $9 0.5 1 1 #
lump $-1 $-1 $397 $9 #
transform $-1 -1 0 -1.2246063538223773e-016 0 1 0 1.2246063538223773e-016 0 -1 -0.67947975165009955 0.93522364549743919 3.43675 1 rotate no_reflect no_shear #
rgb_color-st-attrib $-1 $398 $-1 $10 0.5 1 1 #
lump $-1 $-1 $399 $10 #
transform $-1 -1 0 -1.2246063538223773e-016 0 1 0 1.2246063538223773e-016 0 -1 -1.0994213328371976 -0.35722364549743896 3.43675 1 rotate no_reflect no_shear #
rgb_color-st-attrib $-1 $400 $-1 $11 0.5 1 1 #
lump $-1 $-1 $401 $11 #
transform $-1 -1 0 -1.2246063538223773e-016 0 1 0 1.2246063538223773e-016 0 -1 0 -1.1560000000000001 3.43675 1 rotate no_reflect no_shear #
rgb_color-st-attrib $-1 $402 $-1 $12 0.5 1 1 #
lump $-1 $-1 $403 $12 #
transform $-1 -1 0 -1.2246063538223773e-016 0 1 0 1.2246063538223773e-016 0 -1 1.0994213328371976 -0.35722364549743924 3.43675 1 rotate no_reflect no_shear #
rgb_color-st-attrib $-1 $404 $-1 $13 0.5 1 1 #
lump $-1 $-1 $405 $13 #
transform $-1 1.020938369127739e-015 -0.64102482378290349 -0.76752014650698097 1 1.5926658863268939e-015 0 1.2224031544102883e-015 -0.76752014650698097 0.64102482378290349 -1.5561141625056218e-017 1.7175879231884479 4.2822752286071841 1 rotate no_reflect no_shear #
rgb_color-st-attrib $-1 $406 $-1 $14 0.5 1 1 #
lump $-1 $-1 $407 $14 #
transform $-1 0.60965083576568346 -0.19808756436512348 -0.76752014650698042 0.30901699437494762 0.95105651629515353 0 0.72995503672327466 -0.23717676879580654 0.64102482378290415 -1.6335231866582327 0.53076385759840183 4.2822752286071841 1 rotate no_reflect no_shear #
rgb_color-st-attrib $-1 $408 $-1 $15 0.5 1 1 #
lump $-1 $-1 $409 $15 #
transform $-1 0.37678493777297245 0.5185999762565755 -0.76752014650698042 -0.80901699437494745 0.58778525229247314 0 0.45113702295416142 0.62093684204929667 0.64102482378290415 -1.0095728507658284 -1.389557819192627 4.2822752286071832 1 rotate no_reflect no_shear #
rgb_color-st-attrib $-1 $410 $-1 $16 0.5 1 1 #
lump $-1 $-1 $411 $16 #
transform $-1 -0.37678493777297239 0.5185999762565755 -0.76752014650698042 -0.80901699437494745 -0.58778525229247303 0 -0.45113702295416136 0.62093684204929667 0.64102482378290415 1.0095728507658279 -1.3895578191926266 4.2822752286071841 1 rotate no_reflect no_shear #
rgb_color-st-attrib $-1 $412 $-1 $17 0.5 1 1 #
lump $-1 $-1 $413 $17 #
transform $-1 -0.60965083576568369 -0.19808756436512301 -0.76752014650698031 0.3090169943749469 -0.95105651629515375 0 -0.72995503672327477 -0.23717676879580599 0.64102482378290404 1.6335231866582338 0.53076385759840172 4.2822752286071832 1 rotate no_reflect no_shear #
rgb_color-st-attrib $-1 $414 $-1 $18 0.5 1 1 #
lump $-1 $-1 $415 $18 #
transform $-1 -1 0 -1.2246063538223773e-016 0 1 0 1.2246063538223773e-016 0 -1 0.37669171614306074 -1.1593378933637923 4.2965 1 rotate no_reflect no_shear #
rgb_color-st-attrib $-1 $416 $-1 $19 0.5 1 1 #
lump $-1 $-1 $417 $19 #
transform $-1 -1 0 -1.2246063538223773e-016 0 1 0 1.2246063538223773e-016 0 -1 -0.98619171614306089 -0.71651022254452512 4.2965 1 rotate no_reflect no_shear #
rgb_color-st-attrib $-1 $418 $-1 $20 0.5 1 1 #
lump $-1 $-1 $419 $20 #
transform $-1 -1 0 -1.2246063538223773e-016 0 1 0 1.2246063538223773e-016 0 -1 -0.98619171614306089 0.7165102225445249 4.2965 1 rotate no_reflect no_shear #
rgb_color-st-attrib $-1 $420 $-1 $21 0.5 1 1 #
lump $-1 $-1 $421 $21 #
transform $-1 -1 0 -1.2246063538223773e-016 0 1 0 1.2246063538223773e-016 0 -1 0.37669171614306096 1.1593378933637923 4.2965 1 rotate no_reflect no_shear #
rgb_color-st-attrib $-1 $422 $-1 $22 0.5 1 1 #
lump $-1 $-1 $423 $22 #
transform $-1 -1 0 -1.2246063538223773e-016 0 1 0 1.2246063538223773e-016 0 -1 1.2190000000000001 0 4.2965 1 rotate no_reflect no_shear #
rgb_color-st-attrib $-1 $424 $-1 $23 0.5 1 1 #
lump $-1 $-1 $425 $23 #
transform $-1 -1 0 -1.2246063538223773e-016 0 1 0 1.2246063538223773e-016 0 -1 -1.4860258067111778 -0.48283905371085506 4.43675 1 rotate no_reflect no_shear #
rgb_color-st-attrib $-1 $426 $-1 $24 0.5 1 1 #
lump $-1 $-1 $427 $24 #
transform $-1 -1 0 -1.2246063538223773e-016 0 1 0 1.2246063538223773e-016 0 -1 -1.4860258067111778 -0.482839053710855 3.1607544941114964 1 rotate no_reflect no_shear #
rgb_color-st-attrib $-1 $428 $-1 $25 0.5 1 1 #
lump $-1 $-1 $429 $25 #
transform $-1 -1 0 -1.2246063538223773e-016 0 1 0 1.2246063538223773e-016 0 -1 -0.91841445670698962 1.2640890537108551 4.43675 1 rotate no_reflect no_shear #
rgb_color-st-attrib $-1 $430 $-1 $26 0.5 1 1 #
lump $-1 $-1 $431 $26 #
transform $-1 -1 0 -1.2246063538223773e-016 0 1 0 1.2246063538223773e-016 0 -1 -0.91841445670698951 1.2640890537108553 3.160746016878742 1 rotate no_reflect no_shear #
rgb_color-st-attrib $-1 $432 $-1 $27 0.5 1 1 #
lump $-1 $-1 $433 $27 #
transform $-1 -1 0 -1.2246063538223773e-016 0 1 0 1.2246063538223773e-016 0 -1 0.9184144567069894 1.2640890537108551 4.43675 1 rotate no_reflect no_shear #
rgb_color-st-attrib $-1 $434 $-1 $28 0.5 1 1 #
lump $-1 $-1 $435 $28 #
transform $-1 -1 0 -1.2246063538223773e-016 0 1 0 1.2246063538223773e-016 0 -1 0.91841445670698951 1.2640890537108553 3.160746016878742 1 rotate no_reflect no_shear #
rgb_color-st-attrib $-1 $436 $-1 $29 0.5 1 1 #
lump $-1 $-1 $437 $29 #
transform $-1 -1 0 -1.2246063538223773e-016 0 1 0 1.2246063538223773e-016 0 -1 1.4860258067111776 -0.48283905371085539 4.43675 1 rotate no_reflect no_shear #
rgb_color-st-attrib $-1 $438 $-1 $30 0.5 1 1 #
lump $-1 $-1 $439 $30 #
transform $-1 -1 0 -1.2246063538223773e-016 0 1 0 1.2246063538223773e-016 0 -1 1.4860258067111776 -0.48283905371085534 3.1607544941114964 1 rotate no_reflect no_shear #
rgb_color-st-attrib $-1 $440 $-1 $31 0.5 1 1 #
lump $-1 $-1 $441 $31 #
transform $-1 -1 0 -1.2246063538223773e-016 0 1 0 1.2246063538223773e-016 0 -1 0 -1.5625 4.43675 1 rotate no_reflect no_shear #
rgb_color-st-attrib $-1 $442 $-1 $32 0.5 1 1 #
lump $-1 $-1 $443 $32 #
transform $-1 -1 0 -1.2246063538223773e-016 0 1 0 1.2246063538223773e-016 0 -1 1.4664661087022939e-017 -1.5625 3.1607500000000002 1 rotate no_reflect no_shear #
rgb_color-st-attrib $-1 $444 $-1 $33 0.5 1 1 #
lump $-1 $-1 $445 $33 #
transform $-1 -1 0 -1.2246063538223773e-016 0 1 0 1.2246063538223773e-016 0 -1 2.0804361293956486 0.67597467519519705 4.3747500000000006 1 rotate no_reflect no_shear #
rgb_color-st-attrib $-1 $446 $-1 $34 0.5 1 1 #
lump $-1 $-1 $447 $34 #
transform $-1 -1 0 -1.2246063538223773e-016 0 1 0 1.2246063538223773e-016 0 -1 1.4266156761421682 0.46343038591079116 2.8685999999999998 1 rotate no_reflect no_shear #
rgb_color-st-attrib $-1 $448 $-1 $35 0.5 1 1 #
lump $-1 $-1 $449 $35 #
transform $-1 -1 0 -1.2246063538223773e-016 0 1 0 1.2246063538223773e-016 0 -1 1.2857802393897855 -1.7697246751951972 4.3747500000000006 1 rotate no_reflect no_shear #
rgb_color-st-attrib $-1 $450 $-1 $36 0.5 1 1 #
lump $-1 $-1 $451 $36 #
transform $-1 -1 0 -1.2246063538223773e-016 0 1 0 1.2246063538223773e-016 0 -1 0.88159697673927262 -1.2135842700876505 2.8685999999999998 1 rotate no_reflect no_shear #
rgb_color-st-attrib $-1 $452 $-1 $37 0.5 1 1 #
lump $-1 $-1 $453 $37 #
transform $-1 -1 0 -1.2246063538223773e-016 0 1 0 1.2246063538223773e-016 0 -1 -1.2857802393897855 -1.7697246751951976 4.3747500000000006 1 rotate no_reflect no_shear #
rgb_color-st-attrib $-1 $454 $-1 $38 0.5 1 1 #
lump $-1 $-1 $455 $38 #
transform $-1 -1 0 -1.2246063538223773e-016 0 1 0 1.2246063538223773e-016 0 -1 -0.88175878013814746 -1.2134667130371921 2.8685999999999998 1 rotate no_reflect no_shear #
rgb_color-st-attrib $-1 $456 $-1 $39 0.5 1 1 #
lump $-1 $-1 $457 $39 #
transform $-1 -1 0 -1.2246063538223773e-016 0 1 0 1.2246063538223773e-016 0 -1 -2.0804361293956477 0.67597467519519761 4.3747500000000006 1 rotate no_reflect no_shear #
rgb_color-st-attrib $-1 $458 $-1 $40 0.5 1 1 #
lump $-1 $-1 $459 $40 #
transform $-1 -1 0 -1.2246063538223773e-016 0 1 0 1.2246063538223773e-016 0 -1 -1.4265538727432929 0.46362059721405058 2.8685999999999998 1 rotate no_reflect no_shear #
rgb_color-st-attrib $-1 $460 $-1 $41 0.5 1 1 #
lump $-1 $-1 $461 $41 #
transform $-1 -1 0 -1.2246063538223773e-016 0 1 0 1.2246063538223773e-016 0 -1 0 2.1875 4.3747500000000006 1 rotate no_reflect no_shear #
rgb_color-st-attrib $-1 $462 $-1 $42 0.5 1 1 #
lump $-1 $-1 $463 $42 #
transform $-1 -1 0 -1.2246063538223773e-016 0 1 0 1.2246063538223773e-016 0 -1 0.0001 1.5 2.8685999999999998 1 rotate no_reflect no_shear #
rgb_color-st-attrib $-1 $464 $-1 $43 0.5 1 1 #
lump $-1 $-1 $465 $43 #
transform $-1 -3.6412044420930692e-016 -1.1830990412467891e-016 -1 -0.3090169943749474 0.95105651629515353 0 0.95105651629515353 0.3090169943749474 -3.8285889215894375e-016 1.4548154616464812 0.47269819787310974 0.68699999999999994 1 rotate no_reflect no_shear #
rgb_color-st-attrib $-1 $466 $-1 $44 0.5 1 1 #
lump $-1 $-1 $467 $44 #
transform $-1 -2.2503881052006145e-016 3.0973935020415084e-016 -1 0.80901699437494756 0.58778525229247292 0 0.58778525229247292 -0.80901699437494756 -3.8285889215894375e-016 0.89912540251643047 -1.2375399482599809 0.68699999999999994 1 rotate no_reflect no_shear #
rgb_color-st-attrib $-1 $468 $-1 $45 0.5 1 1 #
lump $-1 $-1 $469 $45 #
transform $-1 2.2503881052006155e-016 3.0973935020415079e-016 -1 0.80901699437494734 -0.58778525229247325 0 -0.58778525229247325 -0.80901699437494734 -3.8285889215894375e-016 -0.89912540255007078 -1.2375399483062832 0.68699999999999994 1 rotate no_reflect no_shear #
rgb_color-st-attrib $-1 $470 $-1 $46 0.5 1 1 #
lump $-1 $-1 $471 $46 #
transform $-1 3.6412044420930692e-016 -1.1830990412467896e-016 -1 -0.30901699437494751 -0.95105651629515353 0 -0.95105651629515353 0.30901699437494751 -3.8285889215894375e-016 -1.4548154616693261 0.47269819788053286 0.68699999999999983 1 rotate no_reflect no_shear #
rgb_color-st-attrib $-1 $472 $-1 $47 0.5 1 1 #
lump $-1 $-1 $473 $47 #
transform $-1 1 0 0 0 -3.8285889215894375e-016 -1 0 1 -3.8285889215894375e-016 0 1.5296835010021617 0.68699999999999994 1 rotate no_reflect no_shear #
rgb_color-st-attrib $-1 $474 $-1 $48 0.5 1 1 #
lump $-1 $-1 $475 $48 #
transform $-1 -3.8285889215894375e-016 0 -1 0 1 0 1 0 -3.8285889215894375e-016 0.82981228059175505 1.5 0.75 1 rotate no_reflect no_shear #
rgb_color-st-attrib $-1 $476 $-1 $49 0.5 1 1 #
lump $-1 $-1 $477 $49 #
transform $-1 -1.1830990412467894e-016 -3.6412044420930692e-016 -1 -0.95105651629515353 0.30901699437494745 0 0.30901699437494745 0.95105651629515353 -3.8285889215894375e-016 -1.1701586775988455 1.2527238683209523 0.74999999999999989 1 rotate no_reflect no_shear #
rgb_color-st-attrib $-1 $478 $-1 $50 0.5 1 1 #
lump $-1 $-1 $479 $50 #
transform $-1 3.0973935020415079e-016 -2.2503881052006155e-016 -1 -0.58778525229247325 -0.80901699437494734 0 -0.80901699437494734 0.58778525229247325 -3.8285889215894375e-016 -1.5530101155784719 -0.72577407085940338 0.74999999999999978 1 rotate no_reflect no_shear #
rgb_color-st-attrib $-1 $480 $-1 $51 0.5 1 1 #
lump $-1 $-1 $481 $51 #
transform $-1 3.0973935020415084e-016 2.2503881052006145e-016 -0.99999999999999989 0.58778525229247303 -0.80901699437494756 0 -0.80901699437494756 -0.58778525229247303 -3.828588921589437e-016 0.21034564129894784 -1.7012769122654385 0.74999999999999944 1 rotate no_reflect no_shear #
rgb_color-st-attrib $-1 $482 $-1 $52 0.5 1 1 #
lump $-1 $-1 $483 $52 #
transform $-1 -1.1830990412467884e-016 3.6412044420930697e-016 -1 0.95105651629515364 0.30901699437494723 0 0.30901699437494723 -0.95105651629515364 -3.8285889215894375e-016 1.6830108712866148 -0.32567288519611026 0.74999999999999989 1 rotate no_reflect no_shear #
rgb_color-st-attrib $-1 $484 $-1 $53 0.5 1 1 #
lump $-1 $-1 $485 $53 #
transform $-1 -3.8285889215894375e-016 0 -1 0 1 0 1 0 -3.8285889215894375e-016 0.82981228059175505 1.5 1.3120000000000001 1 rotate no_reflect no_shear #
rgb_color-st-attrib $-1 $486 $-1 $54 0.5 1 1 #
lump $-1 $-1 $487 $54 #
transform $-1 -1.1830990412467894e-016 -3.6412044420930692e-016 -1 -0.95105651629515353 0.30901699437494745 0 0.30901699437494745 0.95105651629515353 -3.8285889215894375e-016 -1.1701586775988455 1.2527238683209521 1.3119999999999998 1 rotate no_reflect no_shear #
rgb_color-st-attrib $-1 $488 $-1 $55 0.5 1 1 #
lump $-1 $-1 $489 $55 #
transform $-1 3.0973935020415079e-016 -2.2503881052006155e-016 -1 -0.58778525229247325 -0.80901699437494734 0 -0.80901699437494734 0.58778525229247325 -3.8285889215894375e-016 -1.5530101155784721 -0.72577407085940326 1.3119999999999998 1 rotate no_reflect no_shear #
rgb_color-st-attrib $-1 $490 $-1 $56 0.5 1 1 #
lump $-1 $-1 $491 $56 #
transform $-1 3.0973935020415084e-016 2.2503881052006145e-016 -0.99999999999999989 0.58778525229247303 -0.80901699437494756 0 -0.80901699437494756 -0.58778525229247303 -3.828588921589437e-016 0.21034564129894798 -1.7012769122654385 1.3119999999999996 1 rotate no_reflect no_shear #
rgb_color-st-attrib $-1 $492 $-1 $57 0.5 1 1 #
lump $-1 $-1 $493 $57 #
transform $-1 -1.1830990412467884e-016 3.6412044420930697e-016 -1 0.95105651629515364 0.30901699437494723 0 0.30901699437494723 -0.95105651629515364 -3.8285889215894375e-016 1.683010871286615 -0.3256728851961106 1.3120000000000001 1 rotate no_reflect no_shear #
rgb_color-st-attrib $-1 $494 $-1 $58 0.5 1 1 #
lump $-1 $-1 $495 $58 #
transform $-1 -3.8285889215894375e-016 0 -1 0 1 0 1 0 -3.8285889215894375e-016 1.3101105669528303 1.5 0.75 1 rotate no_reflect no_shear #
rgb_color-st-attrib $-1 $496 $-1 $59 0.5 1 1 #
lump $-1 $-1 $497 $59 #
transform $-1 -1.1830990412467894e-016 -3.6412044420930692e-016 -1 -0.95105651629515353 0.30901699437494745 0 0.30901699437494745 0.95105651629515353 -3.8285889215894375e-016 -1.0217383449089072 1.7095146828228478 0.74999999999999989 1 rotate no_reflect no_shear #
rgb_color-st-attrib $-1 $498 $-1 $60 0.5 1 1 #
lump $-1 $-1 $499 $60 #
transform $-1 3.0973935020415079e-016 -2.2503881052006155e-016 -1 -0.58778525229247325 -0.80901699437494734 0 -0.80901699437494734 0.58778525229247325 -3.8285889215894375e-016 -1.9415795916798111 -0.44346182138701745 0.74999999999999989 1 rotate no_reflect no_shear #
rgb_color-st-attrib $-1 $500 $-1 $61 0.5 1 1 #
lump $-1 $-1 $501 $61 #
transform $-1 3.0973935020415084e-016 2.2503881052006145e-016 -0.99999999999999989 0.58778525229247303 -0.80901699437494756 0 -0.80901699437494756 -0.58778525229247303 -3.828588921589437e-016 -0.1782238342388115 -1.9835891613283592 0.74999999999999956 1 rotate no_reflect no_shear #
rgb_color-st-attrib $-1 $502 $-1 $62 0.5 1 1 #
lump $-1 $-1 $503 $62 #
transform $-1 -1.1830990412467884e-016 3.6412044420930697e-016 -1 0.95105651629515364 0.30901699437494723 0 0.30901699437494723 -0.95105651629515364 -3.8285889215894375e-016 1.8314312038911922 -0.78246369943529448 0.74999999999999989 1 rotate no_reflect no_shear #
rgb_color-st-attrib $-1 $504 $-1 $63 0.5 1 1 #
lump $-1 $-1 $505 $63 #
transform $-1 -3.8285889215894375e-016 0 -1 0 1 0 1 0 -3.8285889215894375e-016 1.3101105669528306 1.5 1.3120000000000001 1 rotate no_reflect no_shear #
rgb_color-st-attrib $-1 $506 $-1 $64 0.5 1 1 #
lump $-1 $-1 $507 $64 #
transform $-1 -1.1830990412467894e-016 -3.6412044420930692e-016 -1 -0.95105651629515353 0.30901699437494745 0 0.30901699437494745 0.95105651629515353 -3.8285889215894375e-016 -1.0217383449089075 1.709514682822848 1.3119999999999998 1 rotate no_reflect no_shear #
rgb_color-st-attrib $-1 $508 $-1 $65 0.5 1 1 #
lump $-1 $-1 $509 $65 #
transform $-1 3.0973935020415079e-016 -2.2503881052006155e-016 -1 -0.58778525229247325 -0.80901699437494734 0 -0.80901699437494734 0.58778525229247325 -3.8285889215894375e-016 -1.9415795916798115 -0.44346182138701767 1.3120000000000001 1 rotate no_reflect no_shear #
rgb_color-st-attrib $-1 $510 $-1 $66 0.5 1 1 #
lump $-1 $-1 $511 $66 #
transform $-1 3.0973935020415084e-016 2.2503881052006145e-016 -0.99999999999999989 0.58778525229247303 -0.80901699437494756 0 -0.80901699437494756 -0.58778525229247303 -3.828588921589437e-016 -0.17822383423881114 -1.9835891613283592 1.3119999999999994 1 rotate no_reflect no_shear #
rgb_color-st-attrib $-1 $512 $-1 $67 0.5 1 1 #
lump $-1 $-1 $513 $67 #
transform $-1 -1.1830990412467884e-016 3.6412044420930697e-016 -1 0.95105651629515364 0.30901699437494723 0 0.30901699437494723 -0.95105651629515364 -3.8285889215894375e-016 1.8314312038911928 -0.78246369943529481 1.3119999999999998 1 rotate no_reflect no_shear #
rgb_color-st-attrib $-1 $514 $-1 $68 0.5 1 1 #
lump $-1 $-1 $515 $68 #
transform $-1 0.54551785998577562 -0.17724949735620341 -0.81914155072460637 -0.30901699437494751 -0.95105651629515353 0 -0.77904990958475395 0.25312865997255146 -0.57359142242234329 -0.96750366304938695 0.32098520831493188 4.0719358649244546 1 rotate no_reflect no_shear #
rgb_color-st-attrib $-1 $516 $-1 $69 0.5 1 1 #
lump $-1 $-1 $517 $69 #
transform $-1 0.33714857894131567 0.46404520856737497 -0.81914155072460637 0.80901699437494734 -0.58778525229247325 0 -0.48147932305591051 -0.66269943533485454 -0.57359142242234329 -0.60425014800454702 -0.82096077897025321 4.0719358649244555 1 rotate no_reflect no_shear #
rgb_color-st-attrib $-1 $518 $-1 $70 0.5 1 1 #
lump $-1 $-1 $519 $70 #
transform $-1 -0.33714857894131545 0.46404520856737508 -0.81914155072460637 0.80901699437494756 0.58778525229247292 0 0.48147932305591024 -0.66269943533485465 -0.57359142242234329 0.59405653387542212 -0.8283668731491387 4.0719358649244555 1 rotate no_reflect no_shear #
rgb_color-st-attrib $-1 $520 $-1 $71 0.5 1 1 #
lump $-1 $-1 $521 $71 #
transform $-1 -0.54551785998577562 -0.17724949735620332 -0.81914155072460637 -0.3090169943749474 0.95105651629515353 0 0.77904990958475395 0.25312865997255135 -0.57359142242234329 0.97139727717851065 0.30900189620961238 4.0719358649244546 1 rotate no_reflect no_shear #
rgb_color-st-attrib $-1 $522 $-1 $72 0.5 1 1 #
lump $-1 $-1 $523 $72 #
transform $-1 2.1960457654049107e-016 -0.57359142242234329 -0.81914155072460637 -1 -3.8285889215894375e-016 0 -3.1361562663178201e-016 0.81914155072460637 -0.57359142242234329 0.0062999999999999827 1.019340547594846 4.0719358649244546 1 rotate no_reflect no_shear #
rgb_color-st-attrib $-1 $524 $-1 $73 0.5 1 1 #
lump $-1 $-1 $525 $73 #
transform $-1 -1 0 -1.2246063538223773e-016 0 1 0 1.2246063538223773e-016 0 -1 -2.1693599136692461 -0.70486776416925456 2.0314999999999999 1 rotate no_reflect no_shear #
rgb_color-st-attrib $-1 $526 $-1 $74 0.5 1 1 #
lump $-1 $-1 $527 $74 #
transform $-1 -1 0 -1.2246063538223773e-016 0 1 0 1.2246063538223773e-016 0 -1 -2.1693599136692461 -0.70486776416925467 4.2971151009821149 1 rotate no_reflect no_shear #
rgb_color-st-attrib $-1 $528 $-1 $75 0.5 1 1 #
lump $-1 $-1 $529 $75 #
transform $-1 -1 0 -1.2246063538223773e-016 0 1 0 1.2246063538223773e-016 0 -1 -1.3407381604791317 1.845367764169255 2.0315000000000003 1 rotate no_reflect no_shear #
rgb_color-st-attrib $-1 $530 $-1 $76 0.5 1 1 #
lump $-1 $-1 $531 $76 #
transform $-1 -1 0 -1.2246063538223773e-016 0 1 0 1.2246063538223773e-016 0 -1 -1.3407381604791317 1.8453677641692547 4.2971151009821149 1 rotate no_reflect no_shear #
rgb_color-st-attrib $-1 $532 $-1 $77 0.5 1 1 #
lump $-1 $-1 $533 $77 #
transform $-1 -1 0 -1.2246063538223773e-016 0 1 0 1.2246063538223773e-016 0 -1 1.3407381604791315 1.8453677641692552 2.0315000000000003 1 rotate no_reflect no_shear #
rgb_color-st-attrib $-1 $534 $-1 $78 0.5 1 1 #
lump $-1 $-1 $535 $78 #
transform $-1 -1 0 -1.2246063538223773e-016 0 1 0 1.2246063538223773e-016 0 -1 1.3407381604791315 1.845367764169255 4.297115100982114 1 rotate no_reflect no_shear #
rgb_color-st-attrib $-1 $536 $-1 $79 0.5 1 1 #
lump $-1 $-1 $537 $79 #
transform $-1 -1 0 -1.2246063538223773e-016 0 1 0 1.2246063538223773e-016 0 -1 2.1693599136692456 -0.70486776416925512 2.0315000000000007 1 rotate no_reflect no_shear #
rgb_color-st-attrib $-1 $538 $-1 $80 0.5 1 1 #
lump $-1 $-1 $539 $80 #
transform $-1 -1 0 -1.2246063538223773e-016 0 1 0 1.2246063538223773e-016 0 -1 2.1693599136692456 -0.70486776416925523 4.297115100982114 1 rotate no_reflect no_shear #
rgb_color-st-attrib $-1 $540 $-1 $81 0.5 1 1 #
lump $-1 $-1 $541 $81 #
transform $-1 -1 0 -1.2246063538223773e-016 0 1 0 1.2246063538223773e-016 0 -1 2.8655788679443615e-017 -2.2810000000000001 2.0315000000000003 1 rotate no_reflect no_shear #
rgb_color-st-attrib $-1 $542 $-1 $82 0.5 1 1 #
lump $-1 $-1 $543 $82 #
transform $-1 -1 0 -1.2246063538223773e-016 0 1 0 1.2246063538223773e-016 0 -1 -1.409533940279603e-020 -2.2810000000000001 4.297115100982114 1 rotate no_reflect no_shear #
rgb_color-st-attrib $-1 $544 $-1 $83 0.5 1 1 #
lump $-1 $-1 $545 $83 #
transform $-1 -1 0 -1.2246063538223773e-016 0 1 0 1.2246063538223773e-016 0 -1 -0.88175878013814746 -1.2134667130371921 0.82249648115165186 1 rotate no_reflect no_shear #
rgb_color-st-attrib $-1 $546 $-1 $84 0.5 1 1 #
lump $-1 $-1 $547 $84 #
transform $-1 -1 0 -1.2246063538223773e-016 0 1 0 1.2246063538223773e-016 0 -1 0.88159697673927262 -1.2135842700876505 0.82249647579837881 1 rotate no_reflect no_shear #
rgb_color-st-attrib $-1 $548 $-1 $85 0.5 1 1 #
lump $-1 $-1 $549 $85 #
transform $-1 -1 0 -1.2246063538223773e-016 0 1 0 1.2246063538223773e-016 0 -1 1.4266156761421682 0.46343038591079116 0.82249644502410724 1 rotate no_reflect no_shear #
rgb_color-st-attrib $-1 $550 $-1 $86 0.5 1 1 #
lump $-1 $-1 $551 $86 #
transform $-1 2.19609824086358e-016 -0.57360512863623669 -0.81913195298572394 -1 -3.8285889215894375e-016 0 -3.1361195205210625e-016 0.81913195298572394 -0.57360512863623669 -1.6563726874841209e-016 1.4420286894005241 3.7868475463314772 1 rotate no_reflect no_shear #
rgb_color-st-attrib $-1 $552 $-1 $87 0.5 1 1 #
lump $-1 $-1 $553 $87 #
transform $-1 0.5455308953698127 -0.17725373280922499 -0.81913195298572394 -0.30901699437494751 -0.95105651629515353 0 -0.77904078159264811 0.25312569410812924 -0.57360512863623669 -1.3714507817389281 0.44561137140099427 3.7868475463314768 1 rotate no_reflect no_shear #
rgb_color-st-attrib $-1 $554 $-1 $88 0.5 1 1 #
lump $-1 $-1 $555 $88 #
transform $-1 0.33715663525170697 0.46405629712734325 -0.81913195298572394 0.80901699437494734 -0.58778525229247325 0 -0.48147368164654009 -0.6626916706009911 -0.57360512863623669 -0.84760319701227149 -1.1666257161012565 3.7868475463314768 1 rotate no_reflect no_shear #
rgb_color-st-attrib $-1 $556 $-1 $89 0.5 1 1 #
lump $-1 $-1 $557 $89 #
transform $-1 -0.33715663525170675 0.46405629712734336 -0.81913195298572394 0.80901699437494756 0.58778525229247292 0 0.48147368164653981 -0.66269167060099121 -0.57360512863623669 0.84760319701227127 -1.1666257161012563 3.7868475463314772 1 rotate no_reflect no_shear #
rgb_color-st-attrib $-1 $558 $-1 $90 0.5 1 1 #
lump $-1 $-1 $559 $90 #
transform $-1 -0.5455308953698127 -0.17725373280922493 -0.81913195298572394 -0.3090169943749474 0.95105651629515353 0 0.77904078159264811 0.25312569410812913 -0.57360512863623669 1.3714507817389285 0.44561137140099399 3.7868475463314768 1 rotate no_reflect no_shear #
rgb_color-st-attrib $-1 $560 $-1 $91 0.5 1 1 #
lump $-1 $-1 $561 $91 #
transform $-1 -1 0 -1.2246063538223773e-016 0 1 0 1.2246063538223773e-016 0 -1 0.0001 1.5 1.8504999999999998 1 rotate no_reflect no_shear #
rgb_color-st-attrib $-1 $562 $-1 $92 0.5 1 1 #
lump $-1 $-1 $563 $92 #
transform $-1 -1 0 -1.2246063538223773e-016 0 1 0 1.2246063538223773e-016 0 -1 -1.6470955458910735e-018 0 3.3765000000000001 1 rotate no_reflect no_shear #
rgb_color-st-attrib $-1 $564 $-1 $93 0.5 1 1 #
lump $-1 $-1 $565 $93 #
transform $-1 -1 0 -1.2246063538223773e-016 0 1 0 1.2246063538223773e-016 0 -1 0 0 1.5941000000000001 1 rotate no_reflect no_shear #
rgb_color-st-attrib $-1 $566 $-1 $94 0.5 1 1 #
lump $-1 $-1 $567 $94 #
transform $-1 -1 0 -1.2246063538223773e-016 0 1 0 1.2246063538223773e-016 0 -1 0 0 0.12460000000000004 1 rotate no_reflect no_shear #
rgb_color-st-attrib $-1 $568 $-1 $95 0.5 1 1 #
lump $-1 $-1 $569 $95 #
transform $-1 -1 0 -1.2246063538223773e-016 0 1 0 1.2246063538223773e-016 0 -1 0.0001 1.5 0.8224964444998647 1 rotate no_reflect no_shear #
rgb_color-st-attrib $-1 $570 $-1 $96 0.5 1 1 #
lump $-1 $-1 $571 $96 #
transform $-1 -1 0 -1.2246063538223773e-016 0 1 0 1.2246063538223773e-016 0 -1 -1.4265538727432929 0.46362059721405058 0.82249643910502512 1 rotate no_reflect no_shear #
rgb_color-st-attrib $-1 $572 $-1 $97 0.5 1 1 #
lump $-1 $-1 $573 $97 #
transform $-1 1 0 0 0 1 0 0 0 1 0 0 2.2964038501286659 1 no_rotate no_reflect no_shear #
rgb_color-st-attrib $-1 $574 $-1 $98 0.5 0.5 1 #
lump $-1 $-1 $575 $98 #
transform $-1 1 0 0 0 1 0 0 0 1 0 0 2.2964038501286659 1 no_rotate no_reflect no_shear #
rgb_color-st-attrib $-1 $576 $-1 $99 1 0.5 1 #
lump $-1 $-1 $577 $99 #
transform $-1 1 0 0 0 1 0 0 0 1 0 0 2.2964038501286659 1 no_rotate no_reflect no_shear #
aggregate_secndry_attribute-aggregate_geombuild_base_attribute-aggregate_body_attribute-attrib_HH-attrib $-1 $578 $100 $0 F #
face $579 $580 $581 $101 $-1 $582 reversed single #
shell $-1 $-1 $-1 $583 $-1 $103 #
model_id-kcp-attrib $-1 $-1 $105 $6 1 1017697657 971 -1949630461 1 #
shell $-1 $-1 $-1 $584 $-1 $106 #
model_id-kcp-attrib $-1 $-1 $108 $7 1 1017697657 971 -1949630460 1 #
shell $-1 $-1 $-1 $585 $-1 $109 #
model_id-kcp-attrib $-1 $-1 $111 $8 1 1017697657 37904 -1961885691 1 #
shell $-1 $-1 $-1 $586 $-1 $112 #
model_id-kcp-attrib $-1 $-1 $114 $9 1 1017697657 37944 -1959264250 1 #
shell $-1 $-1 $-1 $587 $-1 $115 #
model_id-kcp-attrib $-1 $-1 $117 $10 1 1017697657 37954 -1958608889 1 #
shell $-1 $-1 $-1 $588 $-1 $118 #
model_id-kcp-attrib $-1 $-1 $120 $11 1 1017697657 37954 -1958608888 1 #
shell $-1 $-1 $-1 $589 $-1 $121 #
model_id-kcp-attrib $-1 $-1 $123 $12 1 1017697657 37964 -1957953527 1 #
shell $-1 $-1 $-1 $590 $-1 $124 #
model_id-kcp-attrib $-1 $-1 $126 $13 1 1017697657 37984 -1956642806 1 #
shell $-1 $-1 $-1 $591 $-1 $127 #
model_id-kcp-attrib $-1 $-1 $129 $14 1 1017697657 38004 -1955332085 1 #
shell $-1 $-1 $-1 $592 $-1 $130 #
model_id-kcp-attrib $-1 $-1 $132 $15 1 1017697657 38034 -1953366004 1 #
shell $-1 $-1 $-1 $593 $-1 $133 #
model_id-kcp-attrib $-1 $-1 $135 $16 1 1017697657 38054 -1952055283 1 #
shell $-1 $-1 $-1 $594 $-1 $136 #
model_id-kcp-attrib $-1 $-1 $138 $17 1 1017697657 38084 -1950089202 1 #
shell $-1 $-1 $-1 $595 $-1 $139 #
model_id-kcp-attrib $-1 $-1 $141 $18 1 1017697657 38094 -1949433841 1 #
shell $-1 $-1 $-1 $596 $-1 $142 #
model_id-kcp-attrib $-1 $-1 $144 $19 1 1017697657 38094 -1949433840 1 #
shell $-1 $-1 $-1 $597 $-1 $145 #
model_id-kcp-attrib $-1 $-1 $147 $20 1 1017697657 38104 -1948778479 1 #
shell $-1 $-1 $-1 $598 $-1 $148 #
model_id-kcp-attrib $-1 $-1 $150 $21 1 1017697657 38104 -1948778478 1 #
shell $-1 $-1 $-1 $599 $-1 $151 #
model_id-kcp-attrib $-1 $-1 $153 $22 1 1017697657 38114 -1948123117 1 #
shell $-1 $-1 $-1 $600 $-1 $154 #
model_id-kcp-attrib $-1 $-1 $156 $23 1 1017697657 38114 -1948123116 1 #
shell $-1 $-1 $-1 $601 $-1 $157 #
model_id-kcp-attrib $-1 $-1 $159 $24 1 1017697657 38124 -1947467755 1 #
shell $-1 $-1 $-1 $602 $-1 $160 #
model_id-kcp-attrib $-1 $-1 $162 $25 1 1017697657 38124 -1947467754 1 #
shell $-1 $-1 $-1 $603 $-1 $163 #
model_id-kcp-attrib $-1 $-1 $165 $26 1 1017697657 38134 -1946812393 1 #
shell $-1 $-1 $-1 $604 $-1 $166 #
model_id-kcp-attrib $-1 $-1 $168 $27 1 1017697657 38134 -1946812392 1 #
shell $-1 $-1 $-1 $605 $-1 $169 #
model_id-kcp-attrib $-1 $-1 $171 $28 1 1017697657 38144 -1962934247 1 #
shell $-1 $-1 $-1 $606 $-1 $172 #
model_id-kcp-attrib $-1 $-1 $174 $29 1 1017697657 38144 -1962934246 1 #
shell $-1 $-1 $-1 $607 $-1 $175 #
model_id-kcp-attrib $-1 $-1 $177 $30 1 1017697657 38154 -1962278885 1 #
shell $-1 $-1 $-1 $608 $-1 $178 #
model_id-kcp-attrib $-1 $-1 $180 $31 1 1017697657 38164 -1961623524 1 #
shell $-1 $-1 $-1 $609 $-1 $181 #
model_id-kcp-attrib $-1 $-1 $183 $32 1 1017697657 38164 -1961623523 1 #
shell $-1 $-1 $-1 $610 $-1 $184 #
model_id-kcp-attrib $-1 $-1 $186 $33 1 1017697657 38174 -1960968162 1 #
shell $-1 $-1 $-1 $611 $-1 $187 #
model_id-kcp-attrib $-1 $-1 $189 $34 1 1017697657 38184 -1960312801 1 #
shell $-1 $-1 $-1 $612 $-1 $190 #
model_id-kcp-attrib $-1 $-1 $192 $35 1 1017697657 38184 -1960312800 1 #
shell $-1 $-1 $-1 $613 $-1 $193 #
model_id-kcp-attrib $-1 $-1 $195 $36 1 1017697657 38204 -1959002079 1 #
shell $-1 $-1 $-1 $614 $-1 $196 #
model_id-kcp-attrib $-1 $-1 $198 $37 1 1017697657 38204 -1959002078 1 #
shell $-1 $-1 $-1 $615 $-1 $199 #
model_id-kcp-attrib $-1 $-1 $201 $38 1 1017697657 38214 -1958346717 1 #
shell $-1 $-1 $-1 $616 $-1 $202 #
model_id-kcp-attrib $-1 $-1 $204 $39 1 1017697657 38224 -1957691356 1 #
shell $-1 $-1 $-1 $617 $-1 $205 #
model_id-kcp-attrib $-1 $-1 $207 $40 1 1017697657 38234 -1957035995 1 #
shell $-1 $-1 $-1 $618 $-1 $208 #
model_id-kcp-attrib $-1 $-1 $210 $41 1 1017697657 38244 -1956380634 1 #
shell $-1 $-1 $-1 $619 $-1 $211 #
model_id-kcp-attrib $-1 $-1 $213 $42 1 1017697657 38255 -1955659737 1 #
shell $-1 $-1 $-1 $620 $-1 $214 #
model_id-kcp-attrib $-1 $-1 $216 $43 1 1017697657 38275 -1954349016 1 #
shell $-1 $-1 $-1 $621 $-1 $217 #
model_id-kcp-attrib $-1 $-1 $219 $44 1 1017697657 38285 -1953693655 1 #
shell $-1 $-1 $-1 $622 $-1 $220 #
model_id-kcp-attrib $-1 $-1 $222 $45 1 1017697657 38295 -1953038294 1 #
shell $-1 $-1 $-1 $623 $-1 $223 #
model_id-kcp-attrib $-1 $-1 $225 $46 1 1017697657 38315 -1951727573 1 #
shell $-1 $-1 $-1 $624 $-1 $226 #
model_id-kcp-attrib $-1 $-1 $228 $47 1 1017697657 38325 -1951072212 1 #
shell $-1 $-1 $-1 $625 $-1 $229 #
model_id-kcp-attrib $-1 $-1 $231 $48 1 1017697657 38325 -1951072211 1 #
shell $-1 $-1 $-1 $626 $-1 $232 #
model_id-kcp-attrib $-1 $-1 $234 $49 1 1017697657 38335 -1950416850 1 #
shell $-1 $-1 $-1 $627 $-1 $235 #
model_id-kcp-attrib $-1 $-1 $237 $50 1 1017697657 38335 -1950416849 1 #
shell $-1 $-1 $-1 $628 $-1 $238 #
model_id-kcp-attrib $-1 $-1 $240 $51 1 1017697657 38345 -1949761488 1 #
shell $-1 $-1 $-1 $629 $-1 $241 #
model_id-kcp-attrib $-1 $-1 $243 $52 1 1017697657 38345 -1949761487 1 #
shell $-1 $-1 $-1 $630 $-1 $244 #
model_id-kcp-attrib $-1 $-1 $246 $53 1 1017697657 38355 -1949106126 1 #
shell $-1 $-1 $-1 $631 $-1 $247 #
model_id-kcp-attrib $-1 $-1 $249 $54 1 1017697657 38355 -1949106125 1 #
shell $-1 $-1 $-1 $632 $-1 $250 #
model_id-kcp-attrib $-1 $-1 $252 $55 1 1017697657 38365 -1948450764 1 #
shell $-1 $-1 $-1 $633 $-1 $253 #
model_id-kcp-attrib $-1 $-1 $255 $56 1 1017697657 38365 -1948450763 1 #
shell $-1 $-1 $-1 $634 $-1 $256 #
model_id-kcp-attrib $-1 $-1 $258 $57 1 1017697657 38375 -1947795402 1 #
shell $-1 $-1 $-1 $635 $-1 $259 #
model_id-kcp-attrib $-1 $-1 $261 $58 1 1017697657 38375 -1947795401 1 #
shell $-1 $-1 $-1 $636 $-1 $262 #
model_id-kcp-attrib $-1 $-1 $264 $59 1 1017697657 38385 -1947140040 1 #
shell $-1 $-1 $-1 $637 $-1 $265 #
model_id-kcp-attrib $-1 $-1 $267 $60 1 1017697657 38395 -1946484679 1 #
shell $-1 $-1 $-1 $638 $-1 $268 #
model_id-kcp-attrib $-1 $-1 $270 $61 1 1017697657 38395 -1946484678 1 #
shell $-1 $-1 $-1 $639 $-1 $271 #
model_id-kcp-attrib $-1 $-1 $273 $62 1 1017697657 38405 -1962606533 1 #
shell $-1 $-1 $-1 $640 $-1 $274 #
model_id-kcp-attrib $-1 $-1 $276 $63 1 1017697657 38405 -1962606532 1 #
shell $-1 $-1 $-1 $641 $-1 $277 #
model_id-kcp-attrib $-1 $-1 $279 $64 1 1017697657 38415 -1961951171 1 #
shell $-1 $-1 $-1 $642 $-1 $280 #
model_id-kcp-attrib $-1 $-1 $282 $65 1 1017697657 38425 -1961295810 1 #
shell $-1 $-1 $-1 $643 $-1 $283 #
model_id-kcp-attrib $-1 $-1 $285 $66 1 1017697657 38435 -1960640449 1 #
shell $-1 $-1 $-1 $644 $-1 $286 #
model_id-kcp-attrib $-1 $-1 $288 $67 1 1017697657 38435 -1960640448 1 #
shell $-1 $-1 $-1 $645 $-1 $289 #
model_id-kcp-attrib $-1 $-1 $291 $68 1 1017697657 38445 -1959985087 1 #
shell $-1 $-1 $-1 $646 $-1 $292 #
model_id-kcp-attrib $-1 $-1 $294 $69 1 1017697657 38445 -1959985086 1 #
shell $-1 $-1 $-1 $647 $-1 $295 #
model_id-kcp-attrib $-1 $-1 $297 $70 1 1017697657 38455 -1959329725 1 #
shell $-1 $-1 $-1 $648 $-1 $298 #
model_id-kcp-attrib $-1 $-1 $300 $71 1 1017697657 38465 -1958674364 1 #
shell $-1 $-1 $-1 $649 $-1 $301 #
model_id-kcp-attrib $-1 $-1 $303 $72 1 1017697657 38465 -1958674363 1 #
shell $-1 $-1 $-1 $650 $-1 $304 #
model_id-kcp-attrib $-1 $-1 $306 $73 1 1017697657 38475 -1958019002 1 #
shell $-1 $-1 $-1 $651 $-1 $307 #
model_id-kcp-attrib $-1 $-1 $309 $74 1 1017697657 38485 -1957363641 1 #
shell $-1 $-1 $-1 $652 $-1 $310 #
model_id-kcp-attrib $-1 $-1 $312 $75 1 1017697657 38485 -1957363640 1 #
shell $-1 $-1 $-1 $653 $-1 $313 #
model_id-kcp-attrib $-1 $-1 $315 $76 1 1017697657 38495 -1956708279 1 #
shell $-1 $-1 $-1 $654 $-1 $316 #
model_id-kcp-attrib $-1 $-1 $318 $77 1 1017697657 38505 -1956052918 1 #
shell $-1 $-1 $-1 $655 $-1 $319 #
model_id-kcp-attrib $-1 $-1 $321 $78 1 1017697657 38505 -1956052917 1 #
shell $-1 $-1 $-1 $656 $-1 $322 #
model_id-kcp-attrib $-1 $-1 $324 $79 1 1017697657 38515 -1955397556 1 #
shell $-1 $-1 $-1 $657 $-1 $325 #
model_id-kcp-attrib $-1 $-1 $327 $80 1 1017697657 38515 -1955397555 1 #
shell $-1 $-1 $-1 $658 $-1 $328 #
model_id-kcp-attrib $-1 $-1 $330 $81 1 1017697657 38525 -1954742194 1 #
shell $-1 $-1 $-1 $659 $-1 $331 #
model_id-kcp-attrib $-1 $-1 $333 $82 1 1017697657 38535 -1954086833 1 #
shell $-1 $-1 $-1 $660 $-1 $334 #
model_id-kcp-attrib $-1 $-1 $336 $83 1 1017697657 38555 -1952776112 1 #
shell $-1 $-1 $-1 $661 $-1 $337 #
model_id-kcp-attrib $-1 $-1 $339 $84 1 1017697657 38575 -1951465391 1 #
shell $-1 $-1 $-1 $662 $-1 $340 #
model_id-kcp-attrib $-1 $-1 $342 $85 1 1017697657 38595 -1950154670 1 #
shell $-1 $-1 $-1 $663 $-1 $343 #
model_id-kcp-attrib $-1 $-1 $345 $86 1 1017697657 38595 -1950154669 1 #
shell $-1 $-1 $-1 $664 $-1 $346 #
model_id-kcp-attrib $-1 $-1 $348 $87 1 1017697657 38605 -1949499308 1 #
shell $-1 $-1 $-1 $665 $-1 $349 #
model_id-kcp-attrib $-1 $-1 $351 $88 1 1017697657 38615 -1948843947 1 #
shell $-1 $-1 $-1 $666 $-1 $352 #
model_id-kcp-attrib $-1 $-1 $354 $89 1 1017697657 38615 -1948843946 1 #
shell $-1 $-1 $-1 $667 $-1 $355 #
model_id-kcp-attrib $-1 $-1 $357 $90 1 1017697657 38625 -1948188585 1 #
shell $-1 $-1 $-1 $668 $-1 $358 #
model_id-kcp-attrib $-1 $-1 $360 $91 1 1017697657 38635 -1947533224 1 #
shell $-1 $-1 $-1 $669 $-1 $361 #
model_id-kcp-attrib $-1 $-1 $363 $92 1 1017697657 38645 -1946877863 1 #
shell $-1 $-1 $-1 $670 $-1 $364 #
model_id-kcp-attrib $-1 $-1 $366 $93 1 1017697657 38655 -1946222502 1 #
shell $-1 $-1 $-1 $671 $-1 $367 #
model_id-kcp-attrib $-1 $-1 $369 $94 1 1017697657 38665 -1962344357 1 #
shell $-1 $-1 $-1 $672 $-1 $370 #
model_id-kcp-attrib $-1 $-1 $372 $95 1 1017697657 38685 -1961033636 1 #
shell $-1 $-1 $-1 $673 $-1 $373 #
model_id-kcp-attrib $-1 $-1 $375 $96 1 1017697657 38705 -1959722915 1 #
shell $-1 $-1 $-1 $674 $-1 $376 #
model_id-kcp-attrib $-1 $-1 $378 $97 1 1017697657 59916 -1962147746 1 #
shell $-1 $-1 $-1 $675 $-1 $379 #
model_id-kcp-attrib $-1 $-1 $381 $98 1 1017697657 60496 -1957691297 1 #
shell $-1 $-1 $-1 $676 $-1 $382 #
model_id-kcp-attrib $-1 $-1 $384 $99 1 1017697657 122516 -1953234848 1 #
shell $-1 $-1 $-1 $677 $-1 $385 #
aggregate_sharped_attribute-aggregate_geombuild_base_attribute-aggregate_body_attribute-attrib_HH-attrib $-1 $678 $387 $0 F #
model_id-kcp-attrib $-1 $679 $-1 $388 1 1017697657 811 -1960116223 2 #
face $680 $681 $682 $101 $-1 $683 reversed single #
loop $684 $-1 $685 $388 #
plane-surface $-1 0.23380000000000001 1.3356000000000001 2.4670000000000001 0 0 1 1 0 0 forward_v I I I I #
face $686 $687 $688 $389 $-1 $689 forward single #
face $-1 $690 $691 $391 $-1 $692 reversed single #
face $-1 $693 $694 $393 $-1 $695 reversed single #
face $-1 $696 $697 $395 $-1 $698 forward single #
face $-1 $699 $700 $397 $-1 $701 forward single #
face $-1 $702 $703 $399 $-1 $704 forward single #
face $-1 $705 $706 $401 $-1 $707 forward single #
face $-1 $708 $709 $403 $-1 $710 forward single #
face $-1 $711 $712 $405 $-1 $713 forward single #
face $-1 $714 $715 $407 $-1 $716 forward single #
face $-1 $717 $718 $409 $-1 $719 forward single #
face $-1 $720 $721 $411 $-1 $722 forward single #
face $-1 $723 $724 $413 $-1 $725 forward single #
face $-1 $726 $727 $415 $-1 $728 forward single #
face $-1 $729 $730 $417 $-1 $731 forward single #
face $-1 $732 $733 $419 $-1 $734 forward single #
