sh-r44368-000-u.asy 1
        1.0000000000         0.0000000000         0.0000000000 
        0.0000000000         1.0000000000         0.0000000000 
        0.0000000000         0.0000000000         1.0000000000 
        0.0000000000         0.0000000000         0.0000000000 
sh-r42886-000-u.sat 2
        0.5322119135         0.0000000000         0.8466111735 
        0.0000000000        -1.0000000000         0.0000000000 
        0.8466111735         0.0000000000        -0.5322119135 
        0.6105000000         0.1250000000         0.2300000000 
sh-r42886-000-u.sat 5
        0.4622970636         0.0000000000        -0.8867251124 
        0.0000000000        -1.0000000000         0.0000000000 
       -0.8867251124         0.0000000000        -0.4622970636 
        1.6693000000         0.1250000000        -0.0530000000 
ms51957-1.sat 8
       -1.0000000000         0.0000000000         0.0000000000 
        0.0000000000        -1.0000000000         0.0000000000 
        0.0000000000         0.0000000000         1.0000000000 
        2.0299000000         0.1875000000         0.1350000000 
ms51957-1.sat 11
       -1.0000000000         0.0000000000         0.0000000000 
        0.0000000000        -1.0000000000         0.0000000000 
        0.0000000000         0.0000000000         1.0000000000 
        1.8569000000         0.1875000000        -0.4130000000 
ms51957-1.sat 14
       -1.0000000000         0.0000000000         0.0000000000 
        0.0000000000        -1.0000000000         0.0000000000 
        0.0000000000         0.0000000000         1.0000000000 
        1.3089000000         0.1875000000        -0.2410000000 
ms51957-1.sat 17
       -1.0000000000         0.0000000000         0.0000000000 
        0.0000000000        -1.0000000000         0.0000000000 
        0.0000000000         0.0000000000         1.0000000000 
        1.4819000000         0.1875000000         0.3070000000 
ms51957-1.sat 20
       -1.0000000000         0.0000000000         0.0000000000 
        0.0000000000        -1.0000000000         0.0000000000 
        0.0000000000         0.0000000000         1.0000000000 
        0.8269000000         0.1875000000         0.5740000000 
ms51957-1.sat 23
       -1.0000000000         0.0000000000         0.0000000000 
        0.0000000000        -1.0000000000         0.0000000000 
        0.0000000000         0.0000000000         1.0000000000 
        0.9539000000         0.1875000000         0.0140000000 
ms51957-1.sat 26
       -1.0000000000         0.0000000000         0.0000000000 
        0.0000000000        -1.0000000000         0.0000000000 
        0.0000000000         0.0000000000         1.0000000000 
        0.3949000000         0.1875000000        -0.1140000000 
ms51957-1.sat 29
       -1.0000000000         0.0000000000         0.0000000000 
        0.0000000000        -1.0000000000         0.0000000000 
        0.0000000000         0.0000000000         1.0000000000 
        0.2669000000         0.1875000000         0.4460000000 
sh-r38502-000-u.sat 32
       -0.4529256122         0.0000000000        -0.8915483104 
        0.8915483104         0.0000000000        -0.4529256122 
        0.0000000000        -1.0000000000         0.0000000000 
        1.0689700620         0.0000000000         0.4657059968 
sh-r38502-000-u.sat 33
       -0.1767827485         0.0000000000         0.9842498970 
       -0.9842498970         0.0000000000        -0.1767827485 
        0.0000000000        -1.0000000000         0.0000000000 
        1.1095252076         0.0000000000        -0.3541025072 
sh-r44362-000-u.sat 37
       -0.9131310434         0.0000000000        -0.4076661594 
        0.4076661594         0.0000000000        -0.9131310434 
        0.0000000000        -1.0000000000         0.0000000000 
        1.6693000000        -0.0205000000        -0.0530000000 
sh-r44362-000-u.sat 42
        0.8130789461         0.0000000000        -0.5821534397 
        0.5821534397         0.0000000000         0.8130789461 
        0.0000000000        -1.0000000000         0.0000000000 
        0.6105000000        -0.0205000000         0.2300000000 
nas1351c00-4.sat 47
       -1.0000000000         0.0000000000         0.0000000000 
        0.0000000000        -1.0000000000         0.0000000000 
        0.0000000000         0.0000000000         1.0000000000 
        0.8672075216        -0.1200000000        -0.4601243772 
nas1351c00-4.sat 48
       -1.0000000000         0.0000000000         0.0000000000 
        0.0000000000        -1.0000000000         0.0000000000 
        0.0000000000         0.0000000000         1.0000000000 
        1.0739000000        -0.1200000000        -0.4230000000 
nas1351c00-4.sat 49
       -1.0000000000         0.0000000000         0.0000000000 
        0.0000000000        -1.0000000000         0.0000000000 
        0.0000000000         0.0000000000         1.0000000000 
        1.0526748548        -0.1200000000         0.5281143786 
nas1351c00-4.sat 50
       -1.0000000000         0.0000000000         0.0000000000 
        0.0000000000        -1.0000000000         0.0000000000 
        0.0000000000         0.0000000000         1.0000000000 
        1.2399000000        -0.1200000000         0.4330000000 
