AP: 1 8 Change View
AP: 1 0 0 0 0
AP:  0.0            0.0            0.0
AP:  1.000000       0.0            0.0
AP:  0.0            1.000000       0.0
AP:  0.0            0.0            1.000000
AP:  0.01050000     1.000000       1.000000       15.00000
AP: -1.000000      -1.000000      -1.000000
AP:  1.000000       1.000000       1.000000
AP: 2 11 Program File User Preferences
AP: 0 1 0 0 0 0 0 1 0
AP: 1 -0.01000000    -0.01000000     0.01000000     0.01000000
AP: 2  0.0            0.0            0.0            0.0
AP: 3                        1                        0                        0
AP: 4                        0                        1                        0
AP: 5                        0                        0                        1
AP: 6                        0                        0                        0
AP: 7 0 0 0 10 10  0.05000000     0.05000000     0.05000000     30.00000
AP: 8 1
AP: 9 1 1
AP: 10 1 1 0 20   2.000000
K : $ return
K : $ mpos :; /O U U
K : MM
AP: 1 8 Change View
AP: 1 0 0 0 0
AP:  0.0            0.0            0.0
AP:  1.000000       0.0            0.0
AP:  0.0            1.000000       0.0
AP:  0.0            0.0            1.000000
AP:  0.01050000     0.02520000     0.02520000     15.00000
AP: -1.000000      -1.000000      -1.000000
AP:  1.000000       1.000000       1.000000
K : $ return
K : $ mpos :; /do df
K :  PAF
K :  V CP OF
K :  ! V CL OF
K :  ! V LT OF
K :  ! V RC OF
K : OKAY
K :  ASF
K :  V ATN OF
K :  ! V CN OF
K : OKAY
K :  AA OF
K : OKAY
AP: 1 8 Change View
AP: 1 0 0 0 0
AP:  0.0            0.0            0.0
AP:  1.000000       0.0            0.0
AP:  0.0            1.000000       0.0
AP:  0.0            0.0            1.000000
AP:  0.01050000     2.520000       2.520000       15.00000
AP: -1.000000      -1.000000      -1.000000
AP:  1.000000       1.000000       1.000000
K : $ return
K : $ mpos :; /ma ma
K :  ET DC 10;
K :  ET DC 8;
K :  ET DC 3;
K :  ET DC 8;
K :  ET DC 9;
K :  ET DC 11;
K :  ET DC 12;
K :  ET 7;
K :  ET 2;
K :  G
K :  ET 7;
K :  G
K : CANC
AP: 1 8 Change View
AP: 1 0 0 0 0
AP:  0.06430408     0.02322484    -0.05081171
AP:  1.000000       0.0            0.0
AP:  0.0            1.000000       0.0
AP:  0.0            0.0            1.000000
AP:  0.05210757     0.2812608      0.2812608      15.00000
AP: -1.000000      -1.000000      -1.000000
AP:  1.000000       1.000000       1.000000
K : $ return
K : $ mpos :; /v v pe of; e 3 4 5 0; okay
AP: 1 8 Change View
AP: 1 0 0 0 0
AP:  0.06430408     0.02322484    -0.05081171
AP:  0.8574929      0.0           -0.5144958
AP: -0.2910428      0.8246211     -0.4850713
AP:  0.4242640      0.5656855      0.7071067
AP:  0.05210757     0.2812608      0.2812608      15.00000
AP: -1.000000      -1.000000      -1.000000
AP:  1.000000       1.000000       1.000000
K : $ return
K : $ AU
AP: 1 8 Change View
AP: 1 0 0 0 0
AP:  0.08117046     0.01478171    -0.06303939
AP:  0.8574929      0.0           -0.5144958
AP: -0.2910428      0.8246211     -0.4850713
AP:  0.4242640      0.5656855      0.7071067
AP:  0.1348458      0.2812608      0.2812608      15.00000
AP: -1.000000      -1.000000      -1.000000
AP:  1.000000       1.000000       1.000000
K : $ mpos :; /do so; ; dt shh appl canc
AP: 1 8 Change View
AP: 1 0 0 0 0
AP:  0.08117046     0.01478171    -0.06303939
AP:  0.8574929      0.0           -0.5144958
AP: -0.2910428      0.8246211     -0.4850713
AP:  0.4242640      0.5656855      0.7071067
AP:  0.1348458      0.2616682      0.2616682      15.00000
AP: -1.000000      -1.000000      -1.000000
AP:  1.000000       1.000000       1.000000
K : $ return
K : $ mpos :; /F PR E
E : **** END OF SESSION ****
