-------------------------------------------------
Feature Type: [Corner]
Total Feature Area: 1148.01
Center point: (-114.3 47.5155 -114.3)

norm:<0 -1 0> cent: (-114.3 50.8 -114.3) rad: 0.3125
norm:<0 -1 0> cent: (-114.3 50.8 -114.3) rad: 0.3125
norm:<0 1 0> cent: (-114.3 31.75 -114.3)



-------------------------------------------------
Feature Type: [Corner]
Total Feature Area: 1148.01
Center point: (-114.3 47.5155 -76.2)

norm:<0 -1 0> cent: (-114.3 50.8 -76.2) rad: 0.3125
norm:<0 -1 0> cent: (-114.3 50.8 -76.2) rad: 0.3125
norm:<0 1 0> cent: (-114.3 31.75 -76.2)



-------------------------------------------------
Feature Type: [Corner]
Total Feature Area: 1148.01
Center point: (-114.3 47.5155 -38.1)

norm:<0 -1 0> cent: (-114.3 50.8 -38.1) rad: 0.3125
norm:<0 -1 0> cent: (-114.3 50.8 -38.1) rad: 0.3125
norm:<0 1 0> cent: (-114.3 31.75 -38.1)



-------------------------------------------------
Feature Type: [Corner]
Total Feature Area: 1148.01
Center point: (-114.3 47.5155 0)

norm:<0 -1 0> cent: (-114.3 50.8 0) rad: 0.3125
norm:<0 -1 0> cent: (-114.3 50.8 0) rad: 0.3125
norm:<0 1 0> cent: (-114.3 31.75 0)



-------------------------------------------------
Feature Type: [Corner]
Total Feature Area: 1148.01
Center point: (-114.3 47.5155 38.1)

norm:<0 -1 0> cent: (-114.3 50.8 38.1) rad: 0.3125
norm:<0 -1 0> cent: (-114.3 50.8 38.1) rad: 0.3125
norm:<0 1 0> cent: (-114.3 31.75 38.1)



-------------------------------------------------
Feature Type: [Corner]
Total Feature Area: 1148.01
Center point: (-114.3 47.5155 76.2)

norm:<0 -1 0> cent: (-114.3 50.8 76.2) rad: 0.3125
norm:<0 -1 0> cent: (-114.3 50.8 76.2) rad: 0.3125
norm:<0 1 0> cent: (-114.3 31.75 76.2)



-------------------------------------------------
Feature Type: [Corner]
Total Feature Area: 1148.01
Center point: (-114.3 47.5155 114.3)

norm:<0 -1 0> cent: (-114.3 50.8 114.3) rad: 0.3125
norm:<0 -1 0> cent: (-114.3 50.8 114.3) rad: 0.3125
norm:<0 1 0> cent: (-114.3 31.75 114.3)



-------------------------------------------------
Feature Type: [Corner]
Total Feature Area: 1148.01
Center point: (-76.2 47.5155 -114.3)

norm:<0 -1 0> cent: (-76.2 50.8 -114.3) rad: 0.3125
norm:<0 -1 0> cent: (-76.2 50.8 -114.3) rad: 0.3125
norm:<0 1 0> cent: (-76.2 31.75 -114.3)



-------------------------------------------------
Feature Type: [Corner]
Total Feature Area: 1148.01
Center point: (-38.1 47.5155 -114.3)

norm:<0 -1 0> cent: (-38.1 50.8 -114.3) rad: 0.3125
norm:<0 -1 0> cent: (-38.1 50.8 -114.3) rad: 0.3125
norm:<0 1 0> cent: (-38.1 31.75 -114.3)



-------------------------------------------------
Feature Type: [Corner]
Total Feature Area: 1148.01
Center point: (0 47.5155 -114.3)

norm:<0 -1 0> cent: (0 50.8 -114.3) rad: 0.3125
norm:<0 -1 0> cent: (0 50.8 -114.3) rad: 0.3125
norm:<0 1 0> cent: (0 31.75 -114.3)



-------------------------------------------------
Feature Type: [Corner]
Total Feature Area: 1148.01
Center point: (38.1 47.5155 -114.3)

norm:<0 -1 0> cent: (38.1 50.8 -114.3) rad: 0.3125
norm:<0 -1 0> cent: (38.1 50.8 -114.3) rad: 0.3125
norm:<0 1 0> cent: (38.1 31.75 -114.3)



-------------------------------------------------
Feature Type: [Corner]
Total Feature Area: 1148.01
Center point: (76.2 47.5155 -114.3)

norm:<0 -1 0> cent: (76.2 50.8 -114.3) rad: 0.3125
norm:<0 -1 0> cent: (76.2 50.8 -114.3) rad: 0.3125
norm:<0 1 0> cent: (76.2 31.75 -114.3)



-------------------------------------------------
Feature Type: [Corner]
Total Feature Area: 1148.01
Center point: (114.3 47.5155 -114.3)

norm:<0 -1 0> cent: (114.3 50.8 -114.3) rad: 0.3125
norm:<0 -1 0> cent: (114.3 50.8 -114.3) rad: 0.3125
norm:<0 1 0> cent: (114.3 31.75 -114.3)



-------------------------------------------------
Feature Type: [Corner]
Total Feature Area: 1148.01
Center point: (-76.2 47.5155 -76.2)

norm:<0 -1 0> cent: (-76.2 50.8 -76.2) rad: 0.3125
norm:<0 -1 0> cent: (-76.2 50.8 -76.2) rad: 0.3125
norm:<0 1 0> cent: (-76.2 31.75 -76.2)



-------------------------------------------------
Feature Type: [Corner]
Total Feature Area: 1148.01
Center point: (-76.2 47.5155 -38.1)

norm:<0 -1 0> cent: (-76.2 50.8 -38.1) rad: 0.3125
norm:<0 -1 0> cent: (-76.2 50.8 -38.1) rad: 0.3125
norm:<0 1 0> cent: (-76.2 31.75 -38.1)



-------------------------------------------------
Feature Type: [Corner]
Total Feature Area: 1148.01
Center point: (-76.2 47.5155 0)

norm:<0 -1 0> cent: (-76.2 50.8 0) rad: 0.3125
norm:<0 -1 0> cent: (-76.2 50.8 0) rad: 0.3125
norm:<0 1 0> cent: (-76.2 31.75 0)



-------------------------------------------------
Feature Type: [Corner]
Total Feature Area: 1148.01
Center point: (-76.2 47.5155 38.1)

norm:<0 -1 0> cent: (-76.2 50.8 38.1) rad: 0.3125
norm:<0 -1 0> cent: (-76.2 50.8 38.1) rad: 0.3125
norm:<0 1 0> cent: (-76.2 31.75 38.1)



-------------------------------------------------
Feature Type: [Corner]
Total Feature Area: 1148.01
Center point: (-76.2 47.5155 76.2)

norm:<0 -1 0> cent: (-76.2 50.8 76.2) rad: 0.3125
norm:<0 -1 0> cent: (-76.2 50.8 76.2) rad: 0.3125
norm:<0 1 0> cent: (-76.2 31.75 76.2)



-------------------------------------------------
Feature Type: [Corner]
Total Feature Area: 1148.01
Center point: (-76.2 47.5155 114.3)

norm:<0 -1 0> cent: (-76.2 50.8 114.3) rad: 0.3125
norm:<0 -1 0> cent: (-76.2 50.8 114.3) rad: 0.3125
norm:<0 1 0> cent: (-76.2 31.75 114.3)



-------------------------------------------------
Feature Type: [Corner]
Total Feature Area: 1148.01
Center point: (-38.1 47.5155 -76.2)

norm:<0 -1 0> cent: (-38.1 50.8 -76.2) rad: 0.3125
norm:<0 -1 0> cent: (-38.1 50.8 -76.2) rad: 0.3125
norm:<0 1 0> cent: (-38.1 31.75 -76.2)



-------------------------------------------------
Feature Type: [Corner]
Total Feature Area: 1148.01
Center point: (0 47.5155 -76.2)

norm:<0 -1 0> cent: (0 50.8 -76.2) rad: 0.3125
norm:<0 -1 0> cent: (0 50.8 -76.2) rad: 0.3125
norm:<0 1 0> cent: (0 31.75 -76.2)



-------------------------------------------------
Feature Type: [Corner]
Total Feature Area: 1148.01
Center point: (38.1 47.5155 -76.2)

norm:<0 -1 0> cent: (38.1 50.8 -76.2) rad: 0.3125
norm:<0 -1 0> cent: (38.1 50.8 -76.2) rad: 0.3125
norm:<0 1 0> cent: (38.1 31.75 -76.2)



-------------------------------------------------
Feature Type: [Corner]
Total Feature Area: 1148.01
Center point: (76.2 47.5155 -76.2)

norm:<0 -1 0> cent: (76.2 50.8 -76.2) rad: 0.3125
norm:<0 -1 0> cent: (76.2 50.8 -76.2) rad: 0.3125
norm:<0 1 0> cent: (76.2 31.75 -76.2)



-------------------------------------------------
Feature Type: [Corner]
Total Feature Area: 1148.01
Center point: (114.3 47.5155 -76.2)

norm:<0 -1 0> cent: (114.3 50.8 -76.2) rad: 0.3125
norm:<0 -1 0> cent: (114.3 50.8 -76.2) rad: 0.3125
norm:<0 1 0> cent: (114.3 31.75 -76.2)



-------------------------------------------------
Feature Type: [Corner]
Total Feature Area: 1148.01
Center point: (-38.1 47.5155 -38.1)

norm:<0 -1 0> cent: (-38.1 50.8 -38.1) rad: 0.3125
norm:<0 -1 0> cent: (-38.1 50.8 -38.1) rad: 0.3125
norm:<0 1 0> cent: (-38.1 31.75 -38.1)



-------------------------------------------------
Feature Type: [Corner]
Total Feature Area: 1148.01
Center point: (-38.1 47.5155 0)

norm:<0 -1 0> cent: (-38.1 50.8 0) rad: 0.3125
norm:<0 -1 0> cent: (-38.1 50.8 0) rad: 0.3125
norm:<0 1 0> cent: (-38.1 31.75 0)



-------------------------------------------------
Feature Type: [Corner]
Total Feature Area: 1148.01
Center point: (-38.1 47.5155 38.1)

norm:<0 -1 0> cent: (-38.1 50.8 38.1) rad: 0.3125
norm:<0 -1 0> cent: (-38.1 50.8 38.1) rad: 0.3125
norm:<0 1 0> cent: (-38.1 31.75 38.1)



-------------------------------------------------
Feature Type: [Corner]
Total Feature Area: 1148.01
Center point: (-38.1 47.5155 76.2)

norm:<0 -1 0> cent: (-38.1 50.8 76.2) rad: 0.3125
norm:<0 -1 0> cent: (-38.1 50.8 76.2) rad: 0.3125
norm:<0 1 0> cent: (-38.1 31.75 76.2)



-------------------------------------------------
Feature Type: [Corner]
Total Feature Area: 1148.01
Center point: (-38.1 47.5155 114.3)

norm:<0 -1 0> cent: (-38.1 50.8 114.3) rad: 0.3125
norm:<0 -1 0> cent: (-38.1 50.8 114.3) rad: 0.3125
norm:<0 1 0> cent: (-38.1 31.75 114.3)



-------------------------------------------------
Feature Type: [Corner]
Total Feature Area: 1148.01
Center point: (0 47.5155 -38.1)

norm:<0 -1 0> cent: (0 50.8 -38.1) rad: 0.3125
norm:<0 -1 0> cent: (0 50.8 -38.1) rad: 0.3125
norm:<0 1 0> cent: (0 31.75 -38.1)



-------------------------------------------------
Feature Type: [Corner]
Total Feature Area: 1148.01
Center point: (0 47.5155 0)

norm:<0 -1 0> cent: (0 50.8 0) rad: 0.3125
norm:<0 -1 0> cent: (0 50.8 0) rad: 0.3125
norm:<0 1 0> cent: (0 31.75 0)



-------------------------------------------------
Feature Type: [Corner]
Total Feature Area: 1148.01
Center point: (0 47.5155 38.1)

norm:<0 -1 0> cent: (0 50.8 38.1) rad: 0.3125
norm:<0 -1 0> cent: (0 50.8 38.1) rad: 0.3125
norm:<0 1 0> cent: (0 31.75 38.1)



-------------------------------------------------
Feature Type: [Corner]
Total Feature Area: 1148.01
Center point: (0 47.5155 76.2)

norm:<0 -1 0> cent: (0 50.8 76.2) rad: 0.3125
norm:<0 -1 0> cent: (0 50.8 76.2) rad: 0.3125
norm:<0 1 0> cent: (0 31.75 76.2)



-------------------------------------------------
Feature Type: [Corner]
Total Feature Area: 1148.01
Center point: (0 47.5155 114.3)

norm:<0 -1 0> cent: (0 50.8 114.3) rad: 0.3125
norm:<0 -1 0> cent: (0 50.8 114.3) rad: 0.3125
norm:<0 1 0> cent: (0 31.75 114.3)



-------------------------------------------------
Feature Type: [Corner]
Total Feature Area: 1148.01
Center point: (38.1 47.5155 -38.1)

norm:<0 -1 0> cent: (38.1 50.8 -38.1) rad: 0.3125
norm:<0 -1 0> cent: (38.1 50.8 -38.1) rad: 0.3125
norm:<0 1 0> cent: (38.1 31.75 -38.1)



-------------------------------------------------
Feature Type: [Corner]
Total Feature Area: 1148.01
Center point: (38.1 47.5155 0)

norm:<0 -1 0> cent: (38.1 50.8 0) rad: 0.3125
norm:<0 -1 0> cent: (38.1 50.8 0) rad: 0.3125
norm:<0 1 0> cent: (38.1 31.75 0)



-------------------------------------------------
Feature Type: [Corner]
Total Feature Area: 1148.01
Center point: (38.1 47.5155 38.1)

norm:<0 -1 0> cent: (38.1 50.8 38.1) rad: 0.3125
norm:<0 -1 0> cent: (38.1 50.8 38.1) rad: 0.3125
norm:<0 1 0> cent: (38.1 31.75 38.1)



-------------------------------------------------
Feature Type: [Corner]
Total Feature Area: 1148.01
Center point: (38.1 47.5155 76.2)

norm:<0 -1 0> cent: (38.1 50.8 76.2) rad: 0.3125
norm:<0 -1 0> cent: (38.1 50.8 76.2) rad: 0.3125
norm:<0 1 0> cent: (38.1 31.75 76.2)



-------------------------------------------------
Feature Type: [Corner]
Total Feature Area: 1148.01
Center point: (38.1 47.5155 114.3)

norm:<0 -1 0> cent: (38.1 50.8 114.3) rad: 0.3125
norm:<0 -1 0> cent: (38.1 50.8 114.3) rad: 0.3125
norm:<0 1 0> cent: (38.1 31.75 114.3)



-------------------------------------------------
Feature Type: [Corner]
Total Feature Area: 1148.01
Center point: (76.2 47.5155 -38.1)

norm:<0 -1 0> cent: (76.2 50.8 -38.1) rad: 0.3125
norm:<0 -1 0> cent: (76.2 50.8 -38.1) rad: 0.3125
norm:<0 1 0> cent: (76.2 31.75 -38.1)



-------------------------------------------------
Feature Type: [Corner]
Total Feature Area: 1148.01
Center point: (76.2 47.5155 0)

norm:<0 -1 0> cent: (76.2 50.8 0) rad: 0.3125
norm:<0 -1 0> cent: (76.2 50.8 0) rad: 0.3125
norm:<0 1 0> cent: (76.2 31.75 0)



-------------------------------------------------
Feature Type: [Corner]
Total Feature Area: 1148.01
Center point: (76.2 47.5155 38.1)

norm:<0 -1 0> cent: (76.2 50.8 38.1) rad: 0.3125
norm:<0 -1 0> cent: (76.2 50.8 38.1) rad: 0.3125
norm:<0 1 0> cent: (76.2 31.75 38.1)



-------------------------------------------------
Feature Type: [Corner]
Total Feature Area: 1148.01
Center point: (76.2 47.5155 76.2)

norm:<0 -1 0> cent: (76.2 50.8 76.2) rad: 0.3125
norm:<0 -1 0> cent: (76.2 50.8 76.2) rad: 0.3125
norm:<0 1 0> cent: (76.2 31.75 76.2)



-------------------------------------------------
Feature Type: [Corner]
Total Feature Area: 1148.01
Center point: (76.2 47.5155 114.3)

norm:<0 -1 0> cent: (76.2 50.8 114.3) rad: 0.3125
norm:<0 -1 0> cent: (76.2 50.8 114.3) rad: 0.3125
norm:<0 1 0> cent: (76.2 31.75 114.3)



-------------------------------------------------
Feature Type: [Corner]
Total Feature Area: 1148.01
Center point: (114.3 47.5155 -38.1)

norm:<0 -1 0> cent: (114.3 50.8 -38.1) rad: 0.3125
norm:<0 -1 0> cent: (114.3 50.8 -38.1) rad: 0.3125
norm:<0 1 0> cent: (114.3 31.75 -38.1)



-------------------------------------------------
Feature Type: [Corner]
Total Feature Area: 1148.01
Center point: (114.3 47.5155 0)

norm:<0 -1 0> cent: (114.3 50.8 0) rad: 0.3125
norm:<0 -1 0> cent: (114.3 50.8 0) rad: 0.3125
norm:<0 1 0> cent: (114.3 31.75 0)



-------------------------------------------------
Feature Type: [Corner]
Total Feature Area: 1148.01
Center point: (114.3 47.5155 38.1)

norm:<0 -1 0> cent: (114.3 50.8 38.1) rad: 0.3125
norm:<0 -1 0> cent: (114.3 50.8 38.1) rad: 0.3125
norm:<0 1 0> cent: (114.3 31.75 38.1)



-------------------------------------------------
Feature Type: [Corner]
Total Feature Area: 1148.01
Center point: (114.3 47.5155 76.2)

norm:<0 -1 0> cent: (114.3 50.8 76.2) rad: 0.3125
norm:<0 -1 0> cent: (114.3 50.8 76.2) rad: 0.3125
norm:<0 1 0> cent: (114.3 31.75 76.2)



-------------------------------------------------
Feature Type: [Corner]
Total Feature Area: 1148.01
Center point: (114.3 47.5155 114.3)

norm:<0 -1 0> cent: (114.3 50.8 114.3) rad: 0.3125
norm:<0 -1 0> cent: (114.3 50.8 114.3) rad: 0.3125
norm:<0 1 0> cent: (114.3 31.75 114.3)



-------------------------------------------------
Feature Type: [Corner]
Total Feature Area: 2731.47
Center point: (163.775 18.001 -25.0012)

norm:<-1 0 0> cent: (167.64 18.001 -25.0012) rad: 0.3125
norm:<-1 0 0> cent: (167.64 18.001 -25.0012) rad: 0.3125
norm:<1 0 0> cent: (114.3 18.001 -25.0012)



-------------------------------------------------
Feature Type: [Corner]
Total Feature Area: 2731.47
Center point: (75.0011 18.001 163.775)

norm:<0 0 -1> cent: (75.0011 18.001 167.64) rad: 0.3125
norm:<0 0 -1> cent: (75.0011 18.001 167.64) rad: 0.3125
norm:<0 0 1> cent: (75.0011 18.001 114.3)



-------------------------------------------------
Feature Type: [Corner]
Total Feature Area: 2731.47
Center point: (-75.0011 18.001 163.775)

norm:<0 0 1> cent: (-75.0011 18.001 167.64) rad: 0.3125
norm:<0 0 1> cent: (-75.0011 18.001 167.64) rad: 0.3125
norm:<0 0 1> cent: (-75.0011 18.001 114.3)



<166 10 52 0 0 0 0 0 0 0 0 0 0 0 0 0 0 52 3 0 0 6>
