#VRML V1.0 ascii

Header_Info {
fields [SFString vendor, SFString product, 
SFString datatype, SFString version]
vendor "Parametric Technology Corporation"
product "Pro/ENGINEER  TM Version H-01-21"
datatype "Pro/FLY-THROUGH"
version "2"
}
DEF V_Model WWWAnchor {
name "021_131_097_a_a.wrl"
description "021_131_097_a.asm"
map NONE
Node_Info {
fields [SFString node_type,SFString node_name]
node_type "V_Model"
node_name "021_131_097_a.asm"
}
DEF Cameras Switch {
whichChild 0
DEF Default PerspectiveCamera {
position -73.9674 -424.234 -302.807
orientation 0.628716 0.686123 -0.365993 2.68345
focalDistance 593.249
}
DEF FRONT_EINBAU PerspectiveCamera {
position 10.3202 -3.05911 396.061
orientation 0 0 1 0.418879
focalDistance 315.542
}
DEF TOP_EINBAU PerspectiveCamera {
position -188.732 407.317 47.3928
orientation -0.957668 -0.203559 0.203559 1.61404
focalDistance 434.755
}
DEF LEFT_EINBAU PerspectiveCamera {
position -407.238 -193.871 47.3928
orientation 0.203559 -0.957668 0.203559 1.61404
focalDistance 467.476
}
DEF ISO_EXPL PerspectiveCamera {
position -325.487 104.984 341.191
orientation -0.540793 -0.618023 0.570606 1.08283
focalDistance 430.147
}
DEF FRONT PerspectiveCamera {
position 536.395 -15.3595 -61.4139
orientation 0.338451 0.900234 0.273916 1.87074
focalDistance 549.699
}
DEF TOP PerspectiveCamera {
position 70.3182 394.05 394.408
orientation -0.287204 0.45082 0.845148 1.82368
focalDistance 491.461
}
DEF BOTTOM PerspectiveCamera {
position -73.3083 -420.496 -299.622
orientation 0.628716 0.686123 -0.365993 2.68345
focalDistance 588.294
}
}
Model_Info {
fields [ SFLong proe_id, SFString proe_type_s,
SFString proe_name, SFLong maj_rev,
SFLong min_rev, SFLong rev_num, SFLong rev_num_cosm,
SFString inst_type_s, SFString generic_name
, MFString parameter_names, MFString parameter_types, MFString parameter_values]
proe_id 7
proe_type_s "Proe_Assembly"
proe_name "021_131_097_A"
maj_rev -5
min_rev  -5
rev_num 285
rev_num_cosm 233
inst_type_s "Inst_Type_Main"
generic_name ""
parameter_names ["BEMERKUNG"]
parameter_types ["STRING"]
parameter_values ["ZSB Kombiventil (ARV)"]
}
Group {
Node_Info {
fields [SFString node_type,SFString node_name]
node_type "Lod_Rep_List"
node_name ""
}
Switch {
whichChild 0
Group {
Node_Info {
fields [SFString node_type,SFString node_name]
node_type "Lod_Rep"
node_name ""
}
DEF Rep_0 Group {
Node_Info {
fields [SFString node_type,SFString node_name]
node_type "Rep"
node_name "Rep_0"
}
DEF Member_0_33 Separator {
Node_Info {
fields [SFString node_type,SFString node_name]
node_type "Member"
node_name "Member_0_33"
}
Member_Info {
fields [SFString member_name, SFLong member_id]
member_name "Member_0_33"
member_id 33
}
MatrixTransform {
matrix
1 0 0 0 
0 1 0 0 
0 0 1 0 
0 0 0 1 
}
WWWInline { name "021_131_119_a_p.wrl"}
}
DEF Member_0_35 Separator {
Node_Info {
fields [SFString node_type,SFString node_name]
node_type "Member"
node_name "Member_0_35"
}
Member_Info {
fields [SFString member_name, SFLong member_id, SFString expl_status_s, SFMatrix drag_trf]
member_name "Member_0_35"
member_id 35
expl_status_s "Vrml_Exp_Expl"
drag_trf 0 0 1 0 1 0 0 0 0 1 0 0 -25 17 36.6 1 
}
MatrixTransform {
matrix
0 0 1 0 
1 0 0 0 
0 1 0 0 
-25 17 61.6 1 
}
WWWInline { name "n_100_863_01_p.wrl"}
}
DEF Member_0_37 Separator {
Node_Info {
fields [SFString node_type,SFString node_name]
node_type "Member"
node_name "Member_0_37"
}
Member_Info {
fields [SFString member_name, SFLong member_id, SFString expl_status_s, SFMatrix drag_trf]
member_name "Member_0_37"
member_id 37
expl_status_s "Vrml_Exp_Expl"
drag_trf 0 0 -1 0 -1 0 0 0 0 1 0 0 0 0 4.55 1 
}
MatrixTransform {
matrix
0 0 -1 0 
-1 0 0 0 
0 1 0 0 
0 0 -15.45 1 
}
WWWInline { name "n_906_424_01_p.wrl"}
}
DEF Member_0_66 Separator {
Node_Info {
fields [SFString node_type,SFString node_name]
node_type "Member"
node_name "Member_0_66"
}
Member_Info {
fields [SFString member_name, SFLong member_id, SFString expl_status_s, SFMatrix drag_trf]
member_name "Member_0_66"
member_id 66
expl_status_s "Vrml_Exp_Expl"
drag_trf -0.133022 -0.754407 -0.642788 0 0 0.648551 -0.761171 0 0.991113 -0.101253 -0.0862717 0 -20.2606 -3.6526 68.1991 1 
}
MatrixTransform {
matrix
-0.133022 -0.754407 -0.642788 0 
0 0.648551 -0.761171 0 
0.991113 -0.101253 -0.0862717 0 
-22.2167 -14.7463 58.7468 1 
}
WWWInline { name "n_101_148_01_p.wrl"}
}
DEF Member_0_65 Separator {
Node_Info {
fields [SFString node_type,SFString node_name]
node_type "Member"
node_name "Member_0_65"
}
Member_Info {
fields [SFString member_name, SFLong member_id, SFString expl_status_s, SFMatrix drag_trf]
member_name "Member_0_65"
member_id 65
expl_status_s "Vrml_Exp_Expl"
drag_trf -0.133022 -0.754407 -0.642788 0 0 0.648551 -0.761171 0 0.991113 -0.101253 -0.0862717 0 18.945 -3.80832 60.2684 1 
}
MatrixTransform {
matrix
-0.133022 -0.754407 -0.642788 0 
0 0.648551 -0.761171 0 
0.991113 -0.101253 -0.0862717 0 
16.9889 -14.902 50.8161 1 
}
WWWInline { name "n_101_148_01_p.wrl"}
}
DEF Member_0_52 Separator {
Node_Info {
fields [SFString node_type,SFString node_name]
node_type "Member"
node_name "Member_0_52"
}
Member_Info {
fields [SFString member_name, SFLong member_id, SFString expl_status_s, SFMatrix drag_trf]
member_name "Member_0_52"
member_id 52
expl_status_s "Vrml_Exp_Expl"
drag_trf 0.9264 -0.201642 -0.318 0 0.289022 -0.160524 0.943768 0 -0.24135 -0.966216 -0.0904309 0 10.185 45.1161 82.832 1 
}
MatrixTransform {
matrix
0.9264 -0.201642 -0.318 0 
0.289022 -0.160524 0.943768 0 
-0.24135 -0.966216 -0.0904309 0 
11.5152 52.6601 89.2599 1 
}
WWWInline { name "021_131_120_p.wrl"}
}
DEF Member_0_53 Separator {
Node_Info {
fields [SFString node_type,SFString node_name]
node_type "Member"
node_name "Member_0_53"
}
Member_Info {
fields [SFString member_name, SFLong member_id, SFString expl_status_s, SFMatrix drag_trf]
member_name "Member_0_53"
member_id 53
expl_status_s "Vrml_Exp_Expl"
drag_trf -0.147071 0.656396 -0.739942 0 0.133022 0.754407 0.642788 0 0.98014 -0.00389305 -0.198267 0 0.685743 3.88904 70.7259 1 
}
MatrixTransform {
matrix
-0.147071 0.656396 -0.739942 0 
0.133022 0.754407 0.642788 0 
0.98014 -0.00389305 -0.198267 0 
3.34619 18.9772 83.5817 1 
}
WWWInline { name "021_131_101_a_p.wrl"}
}
}
}
}
}
}
