#VRML V1.0 ascii

Header_Info {
fields [SFString vendor, SFString product, 
SFString datatype, SFString version]
vendor "Parametric Technology Corporation"
product "Pro/ENGINEER  TM Version H-01-21"
datatype "Pro/FLY-THROUGH"
version "2"
}
DEF V_Model WWWAnchor {
name "021_121_111_b_a.wrl"
description "021_121_111_b.asm"
map NONE
Node_Info {
fields [SFString node_type,SFString node_name]
node_type "V_Model"
node_name "021_121_111_b.asm"
}
PerspectiveCamera {
position 424.262 627.045 532.412
orientation -0.906402 0.380364 -0.183737 0.979298
focalDistance 924.669
}
Model_Info {
fields [ SFLong proe_id, SFString proe_type_s,
SFString proe_name, SFLong maj_rev,
SFLong min_rev, SFLong rev_num, SFLong rev_num_cosm,
SFString inst_type_s, SFString generic_name
, MFString parameter_names, MFString parameter_types, MFString parameter_values]
proe_id 10
proe_type_s "Proe_Assembly"
proe_name "021_121_111_B"
maj_rev -5
min_rev  -5
rev_num 173
rev_num_cosm 121
inst_type_s "Inst_Type_Main"
generic_name ""
parameter_names ["BEMERKUNG","MATERIAL","GEWICHT"]
parameter_types ["STRING","STRING","DOUBLE"]
parameter_values ["ZSB Thermostatgehaeuse","-","0"]
}
Group {
Node_Info {
fields [SFString node_type,SFString node_name]
node_type "Lod_Rep_List"
node_name ""
}
Switch {
whichChild 0
Group {
Node_Info {
fields [SFString node_type,SFString node_name]
node_type "Lod_Rep"
node_name ""
}
DEF Rep_0 Group {
Node_Info {
fields [SFString node_type,SFString node_name]
node_type "Rep"
node_name "Rep_0"
}
DEF Member_0_1 Separator {
Node_Info {
fields [SFString node_type,SFString node_name]
node_type "Member"
node_name "Member_0_1"
}
Member_Info {
fields [SFString member_name, SFLong member_id]
member_name "Member_0_1"
member_id 1
}
MatrixTransform {
matrix
1 0 0 0 
0 1 0 0 
0 0 1 0 
0 0 0 1 
}
WWWInline { name "021_121_117_a_p.wrl"}
}
DEF Member_0_2 Separator {
Node_Info {
fields [SFString node_type,SFString node_name]
node_type "Member"
node_name "Member_0_2"
}
Member_Info {
fields [SFString member_name, SFLong member_id, SFString expl_status_s, SFMatrix drag_trf]
member_name "Member_0_2"
member_id 2
expl_status_s "Vrml_Exp_Expl"
drag_trf 0.982488 0.181789 0.0408549 0 -0.173648 0.813877 0.554482 0 0.0675479 -0.551867 0.831192 0 52 -31.7696 10.9054 1 
}
MatrixTransform {
matrix
0.982488 0.181789 0.0408549 0 
-0.173648 0.813877 0.554482 0 
0.0675479 -0.551867 0.831192 0 
52 -76.1058 75.9826 1 
}
WWWInline { name "021_121_133_d_p.wrl"}
}
DEF Member_0_9 Separator {
Node_Info {
fields [SFString node_type,SFString node_name]
node_type "Member"
node_name "Member_0_9"
}
Member_Info {
fields [SFString member_name, SFLong member_id, SFString expl_status_s, SFMatrix drag_trf]
member_name "Member_0_9"
member_id 9
expl_status_s "Vrml_Exp_Expl"
drag_trf 1 0 0 0 0 1 0 0 0 0 1 0 0 0 -63 1 
}
MatrixTransform {
matrix
1 0 0 0 
0 1 0 0 
0 0 1 0 
-7.88987 0 -63 1 
}
WWWInline { name "di7da10x10_p.wrl"}
}
DEF Member_0_4 Separator {
Node_Info {
fields [SFString node_type,SFString node_name]
node_type "Member"
node_name "Member_0_4"
}
Member_Info {
fields [SFString member_name, SFLong member_id, SFString expl_status_s, SFMatrix drag_trf]
member_name "Member_0_4"
member_id 4
expl_status_s "Vrml_Exp_Expl"
drag_trf 1 0 0 0 0 1 0 0 0 0 1 0 0 45 0 1 
}
MatrixTransform {
matrix
1 0 0 0 
0 1 0 0 
0 0 1 0 
-37.1786 45 0 1 
}
WWWInline { name "di7da10x73_p.wrl"}
}
DEF Member_0_5 Separator {
Node_Info {
fields [SFString node_type,SFString node_name]
node_type "Member"
node_name "Member_0_5"
}
Member_Info {
fields [SFString member_name, SFLong member_id, SFString expl_status_s, SFMatrix drag_trf]
member_name "Member_0_5"
member_id 5
expl_status_s "Vrml_Exp_Expl"
drag_trf 1 0 0 0 0 1 0 0 0 0 1 0 0 0 0 1 
}
MatrixTransform {
matrix
1 0 0 0 
0 1 0 0 
0 0 1 0 
-37.1786 0 0 1 
}
WWWInline { name "di7da10x73_p.wrl"}
}
DEF Member_0_7 Separator {
Node_Info {
fields [SFString node_type,SFString node_name]
node_type "Member"
node_name "Member_0_7"
}
Member_Info {
fields [SFString member_name, SFLong member_id, SFString expl_status_s, SFMatrix drag_trf]
member_name "Member_0_7"
member_id 7
expl_status_s "Vrml_Exp_Expl"
drag_trf 1 0 0 0 0 1 0 0 0 0 1 0 74.6 45 0 1 
}
MatrixTransform {
matrix
1 0 0 0 
0 1 0 0 
0 0 1 0 
83.7416 45 0 1 
}
WWWInline { name "n_904_762_01_p.wrl"}
}
DEF Member_0_8 Separator {
Node_Info {
fields [SFString node_type,SFString node_name]
node_type "Member"
node_name "Member_0_8"
}
Member_Info {
fields [SFString member_name, SFLong member_id, SFString expl_status_s, SFMatrix drag_trf]
member_name "Member_0_8"
member_id 8
expl_status_s "Vrml_Exp_Expl"
drag_trf 1 0 0 0 0 1 0 0 0 0 1 0 74.6 0 0 1 
}
MatrixTransform {
matrix
1 0 0 0 
0 1 0 0 
0 0 1 0 
83.7416 0 0 1 
}
WWWInline { name "n_904_762_01_p.wrl"}
}
DEF Member_0_10 Separator {
Node_Info {
fields [SFString node_type,SFString node_name]
node_type "Member"
node_name "Member_0_10"
}
Member_Info {
fields [SFString member_name, SFLong member_id, SFString expl_status_s, SFMatrix drag_trf]
member_name "Member_0_10"
member_id 10
expl_status_s "Vrml_Exp_Expl"
drag_trf 1 0 0 0 0 1 0 0 0 0 1 0 11.6 0 -63 1 
}
MatrixTransform {
matrix
1 0 0 0 
0 1 0 0 
0 0 1 0 
20.6531 0 -63 1 
}
WWWInline { name "n_100_863_01_p.wrl"}
}
DEF Member_0_11 Separator {
Node_Info {
fields [SFString node_type,SFString node_name]
node_type "Member"
node_name "Member_0_11"
}
Member_Info {
fields [SFString member_name, SFLong member_id, SFString expl_status_s, SFMatrix drag_trf]
member_name "Member_0_11"
member_id 11
expl_status_s "Vrml_Exp_Expl"
drag_trf 0 -0.563036 0.826433 0 0 -0.826433 -0.563036 0 1 0 0 0 30.4251 -20.773 30.4974 1 
}
MatrixTransform {
matrix
0 -0.563036 0.826433 0 
0 -0.826433 -0.563036 0 
1 0 0 0 
30.4251 -55.7723 81.8698 1 
}
WWWInline { name "di7da10x30_p.wrl"}
}
DEF Member_0_12 Separator {
Node_Info {
fields [SFString node_type,SFString node_name]
node_type "Member"
node_name "Member_0_12"
}
Member_Info {
fields [SFString member_name, SFLong member_id, SFString expl_status_s, SFMatrix drag_trf]
member_name "Member_0_12"
member_id 12
expl_status_s "Vrml_Exp_Expl"
drag_trf 0 -0.563036 0.826433 0 0 -0.826433 -0.563036 0 1 0 0 0 73.5749 -54.027 7.84201 1 
}
MatrixTransform {
matrix
0 -0.563036 0.826433 0 
0 -0.826433 -0.563036 0 
1 0 0 0 
73.5749 -89.0262 59.2144 1 
}
WWWInline { name "di7da10x30_p.wrl"}
}
DEF Member_0_13 Separator {
Node_Info {
fields [SFString node_type,SFString node_name]
node_type "Member"
node_name "Member_0_13"
}
Member_Info {
fields [SFString member_name, SFLong member_id, SFString expl_status_s, SFMatrix drag_trf]
member_name "Member_0_13"
member_id 13
expl_status_s "Vrml_Exp_Expl"
drag_trf 0 -0.563036 0.826433 0 0 -0.826433 -0.563036 0 1 0 0 0 73.5749 -71.8189 33.9573 1 
}
MatrixTransform {
matrix
0 -0.563036 0.826433 0 
0 -0.826433 -0.563036 0 
1 0 0 0 
73.5749 -120.561 105.501 1 
}
WWWInline { name "n_904_122_01_p.wrl"}
}
DEF Member_0_14 Separator {
Node_Info {
fields [SFString node_type,SFString node_name]
node_type "Member"
node_name "Member_0_14"
}
Member_Info {
fields [SFString member_name, SFLong member_id, SFString expl_status_s, SFMatrix drag_trf]
member_name "Member_0_14"
member_id 14
expl_status_s "Vrml_Exp_Expl"
drag_trf 0 -0.563036 0.826433 0 0 -0.826433 -0.563036 0 1 0 0 0 30.4251 -38.565 56.6127 1 
}
MatrixTransform {
matrix
0 -0.563036 0.826433 0 
0 -0.826433 -0.563036 0 
1 0 0 0 
30.4251 -87.3067 128.156 1 
}
WWWInline { name "n_904_122_01_p.wrl"}
}
DEF Member_0_15 Separator {
Node_Info {
fields [SFString node_type,SFString node_name]
node_type "Member"
node_name "Member_0_15"
}
Member_Info {
fields [SFString member_name, SFLong member_id, SFString expl_status_s, SFMatrix drag_trf]
member_name "Member_0_15"
member_id 15
expl_status_s "Vrml_Exp_Expl"
drag_trf -1 0 0 0 0 -0.882948 -0.469472 0 0 -0.469472 0.882948 0 53 -41.2293 -41.742 1 
}
MatrixTransform {
matrix
-1 -1.66533e-16 3.05311e-16 0 
0 -0.882948 -0.469472 0 
2.77556e-16 -0.469472 0.882948 0 
53 -119.029 -83.1086 1 
}
WWWInline { name "021_121_121_a_p.wrl"}
}
DEF Member_0_16 Separator {
Node_Info {
fields [SFString node_type,SFString node_name]
node_type "Member"
node_name "Member_0_16"
}
Member_Info {
fields [SFString member_name, SFLong member_id, SFString expl_status_s, SFMatrix drag_trf]
member_name "Member_0_16"
member_id 16
expl_status_s "Vrml_Exp_Expl"
drag_trf 0 -0.882948 -0.469472 0 0 0.469472 -0.882948 0 1 0 0 0 90.9667 -44.526 -20.6314 1 
}
MatrixTransform {
matrix
0 -0.882948 -0.469472 0 
0 0.469472 -0.882948 0 
1 0 0 0 
90.9667 -115.359 -58.2939 1 
}
WWWInline { name "di7da10x7_p.wrl"}
}
DEF Member_0_17 Separator {
Node_Info {
fields [SFString node_type,SFString node_name]
node_type "Member"
node_name "Member_0_17"
}
Member_Info {
fields [SFString member_name, SFLong member_id, SFString expl_status_s, SFMatrix drag_trf]
member_name "Member_0_17"
member_id 17
expl_status_s "Vrml_Exp_Expl"
drag_trf 0 -0.882948 -0.469472 0 0 0.469472 -0.882948 0 1 0 0 0 18.2123 -46.9145 -16.1394 1 
}
MatrixTransform {
matrix
0 -0.882948 -0.469472 0 
0 0.469472 -0.882948 0 
1 0 0 0 
18.2123 -117.747 -53.802 1 
}
WWWInline { name "di7da10x7_p.wrl"}
}
DEF Member_0_18 Separator {
Node_Info {
fields [SFString node_type,SFString node_name]
node_type "Member"
node_name "Member_0_18"
}
Member_Info {
fields [SFString member_name, SFLong member_id, SFString expl_status_s, SFMatrix drag_trf]
member_name "Member_0_18"
member_id 18
expl_status_s "Vrml_Exp_Expl"
drag_trf 0 -0.882948 -0.469472 0 0 0.469472 -0.882948 0 1 0 0 0 90.9667 -52.1194 -24.6688 1 
}
MatrixTransform {
matrix
0 -0.882948 -0.469472 0 
0 0.469472 -0.882948 0 
1 0 0 0 
90.9667 -136.518 -69.5445 1 
}
WWWInline { name "n_902_504_01_p.wrl"}
}
DEF Member_0_19 Separator {
Node_Info {
fields [SFString node_type,SFString node_name]
node_type "Member"
node_name "Member_0_19"
}
Member_Info {
fields [SFString member_name, SFLong member_id, SFString expl_status_s, SFMatrix drag_trf]
member_name "Member_0_19"
member_id 19
expl_status_s "Vrml_Exp_Expl"
drag_trf 0 -0.882948 -0.469472 0 0 0.469472 -0.882948 0 1 0 0 0 18.2123 -54.5078 -20.1769 1 
}
MatrixTransform {
matrix
0 -0.882948 -0.469472 0 
0 0.469472 -0.882948 0 
1 0 0 0 
18.2123 -138.907 -65.0525 1 
}
WWWInline { name "n_902_504_01_p.wrl"}
}
DEF Member_0_21 Separator {
Node_Info {
fields [SFString node_type,SFString node_name]
node_type "Member"
node_name "Member_0_21"
}
Member_Info {
fields [SFString member_name, SFLong member_id, SFString expl_status_s, SFMatrix drag_trf]
member_name "Member_0_21"
member_id 21
expl_status_s "Vrml_Exp_Expl"
drag_trf 1 0 0 0 0 0 1 0 0 -1 0 0 17.5 21.6 22.1 1 
}
MatrixTransform {
matrix
1 0 0 0 
0 0 1 0 
0 -1 0 0 
17.5 21.6 46.3876 1 
}
WWWInline { name "025_121_142_p.wrl"}
}
DEF Member_0_22 Separator {
Node_Info {
fields [SFString node_type,SFString node_name]
node_type "Member"
node_name "Member_0_22"
}
Member_Info {
fields [SFString member_name, SFLong member_id, SFString expl_status_s, SFMatrix drag_trf]
member_name "Member_0_22"
member_id 22
expl_status_s "Vrml_Exp_Expl"
drag_trf 1 0 0 0 0 0 1 0 0 -1 0 0 47.5 21.6 22.1 1 
}
MatrixTransform {
matrix
1 0 0 0 
0 0 1 0 
0 -1 0 0 
47.5 21.6 46.3876 1 
}
WWWInline { name "025_121_142_p.wrl"}
}
DEF Member_0_23 Separator {
Node_Info {
fields [SFString node_type,SFString node_name]
node_type "Member"
node_name "Member_0_23"
}
Member_Info {
fields [SFString member_name, SFLong member_id, SFString expl_status_s, SFMatrix drag_trf]
member_name "Member_0_23"
member_id 23
expl_status_s "Vrml_Exp_Expl"
drag_trf 1 0 0 0 0 0 1 0 0 -1 0 0 77.5 21.6 22.1 1 
}
MatrixTransform {
matrix
1 0 0 0 
0 0 1 0 
0 -1 0 0 
77.5 21.6 46.3876 1 
}
WWWInline { name "025_121_142_p.wrl"}
}
DEF Member_0_24 Separator {
Node_Info {
fields [SFString node_type,SFString node_name]
node_type "Member"
node_name "Member_0_24"
}
Member_Info {
fields [SFString member_name, SFLong member_id, SFString expl_status_s, SFMatrix drag_trf]
member_name "Member_0_24"
member_id 24
expl_status_s "Vrml_Exp_Expl"
drag_trf 0 -1 0 0 0 0 1 0 -1 0 0 0 47.5 21.6 28.9 1 
}
MatrixTransform {
matrix
0 -1 0 0 
0 0 1 0 
-1 0 0 0 
47.5 21.6 2.94542 1 
}
Material {
ambientColor [
 0 0.666 1,]
diffuseColor [
 0 0.666 1,]
specularColor [
 1 1 1,]
shininess [
1 ,]
}
WWWInline { name "025_906_041_a_p.wrl"}
}
DEF Member_0_25 Separator {
Node_Info {
fields [SFString node_type,SFString node_name]
node_type "Member"
node_name "Member_0_25"
}
Member_Info {
fields [SFString member_name, SFLong member_id, SFString expl_status_s, SFMatrix drag_trf]
member_name "Member_0_25"
member_id 25
expl_status_s "Vrml_Exp_Expl"
drag_trf 0 -1 0 0 0 0 1 0 -1 0 0 0 77.5 21.6 28.9 1 
}
MatrixTransform {
matrix
0 -1 0 0 
0 0 1 0 
-1 0 0 0 
77.5 21.6 2.94542 1 
}
Material {
ambientColor [
 0 0.666 0,]
diffuseColor [
 0 0.666 0,]
specularColor [
 1 1 1,]
shininess [
1 ,]
}
WWWInline { name "025_906_041_a_p.wrl"}
}
DEF Member_0_26 Separator {
Node_Info {
fields [SFString node_type,SFString node_name]
node_type "Member"
node_name "Member_0_26"
}
Member_Info {
fields [SFString member_name, SFLong member_id, SFString expl_status_s, SFMatrix drag_trf]
member_name "Member_0_26"
member_id 26
expl_status_s "Vrml_Exp_Expl"
drag_trf 0 -0.469472 0.882948 0 0 -0.882948 -0.469472 0 1 0 0 0 53 -28.868 -35.1694 1 
}
MatrixTransform {
matrix
0 -0.469472 0.882948 0 
0 -0.882948 -0.469472 0 
1 0 0 0 
53 -78.0394 -61.3143 1 
}
WWWInline { name "075_121_113_a_a.wrl"}
}
DEF Member_0_27 Separator {
Node_Info {
fields [SFString node_type,SFString node_name]
node_type "Member"
node_name "Member_0_27"
}
Member_Info {
fields [SFString member_name, SFLong member_id, SFString expl_status_s, SFMatrix drag_trf]
member_name "Member_0_27"
member_id 27
expl_status_s "Vrml_Exp_Expl"
drag_trf 0 1 0 0 0 0 1 0 1 0 0 0 17.5 21.6 22.4 1 
}
MatrixTransform {
matrix
0 1 0 0 
0 0 1 0 
1 0 0 0 
17.5 21.6 -5.85221 1 
}
WWWInline { name "701_919_369_b_p.wrl"}
}
DEF Member_0_28 Separator {
Node_Info {
fields [SFString node_type,SFString node_name]
node_type "Member"
node_name "Member_0_28"
}
Member_Info {
fields [SFString member_name, SFLong member_id, SFString expl_status_s, SFMatrix drag_trf]
member_name "Member_0_28"
member_id 28
expl_status_s "Vrml_Exp_Expl"
drag_trf 0 -0.882948 -0.469472 0 0 0.469472 -0.882948 0 1 0 0 0 63.4026 -41.5963 -89.191 1 
}
MatrixTransform {
matrix
0 -0.882948 -0.469472 0 
0 0.469472 -0.882948 0 
1 0 0 0 
63.4026 -141.302 -142.205 1 
}
WWWInline { name "n_904_122_01_p.wrl"}
}
DEF Member_0_29 Separator {
Node_Info {
fields [SFString node_type,SFString node_name]
node_type "Member"
node_name "Member_0_29"
}
Member_Info {
fields [SFString member_name, SFLong member_id, SFString expl_status_s, SFMatrix drag_trf]
member_name "Member_0_29"
member_id 29
expl_status_s "Vrml_Exp_Expl"
drag_trf 0 -0.882948 -0.469472 0 0 0.469472 -0.882948 0 1 0 0 0 63.4026 -13.6952 -74.3557 1 
}
MatrixTransform {
matrix
0 -0.882948 -0.469472 0 
0 0.469472 -0.882948 0 
1 0 0 0 
63.4026 -106.137 -123.508 1 
}
WWWInline { name "di7da10x30_p.wrl"}
}
}
}
}
}
}
