#VRML V1.0 ascii

Header_Info {
fields [SFString vendor, SFString product, 
SFString datatype, SFString version]
vendor "Parametric Technology Corporation"
product "Pro/ENGINEER  TM Version H-01-21"
datatype "Pro/FLY-THROUGH"
version "2"
}
DEF V_Model WWWAnchor {
name "zsb_kopf_2v_a.wrl"
description "zsb_kopf_2v.asm"
map NONE
Node_Info {
fields [SFString node_type,SFString node_name]
node_type "V_Model"
node_name "zsb_kopf_2v.asm"
}
DEF Cameras Switch {
whichChild 0
DEF Default PerspectiveCamera {
position -2208.07 2742.09 -1642.15
orientation -0.10564 -0.931253 -0.348724 2.40725
focalDistance 3739.6
}
DEF FRONT PerspectiveCamera {
position -159.962 413.239 3374.02
orientation 0 0 1 0
focalDistance 3422.87
}
DEF TOP PerspectiveCamera {
position -159.962 3601.62 298.2
orientation -1 0 0 1.5708
focalDistance 3556.69
}
DEF LEFT PerspectiveCamera {
position -2039.3 188.53 183.921
orientation 0 -1 0 1.5708
focalDistance 1895.89
}
DEF ISO1 PerspectiveCamera {
position -3102.7 1005.2 -61.8476
orientation -0.28982 -0.95708 0.00116772 1.52193
focalDistance 3090.92
}
DEF RIGHT PerspectiveCamera {
position 2415.14 413.239 298.2
orientation 0 1 0 1.5708
focalDistance 2619.91
}
DEF FRONT_ISO PerspectiveCamera {
position -456.064 708.086 3489.51
orientation -0.706731 -0.706731 0.0325782 0.130267
focalDistance 3591.46
}
DEF RIGHT_ISO PerspectiveCamera {
position 1276.15 384.135 855.066
orientation -0.027081 0.999303 0.025699 1.55404
focalDistance 1718.07
}
DEF TOP_SLV PerspectiveCamera {
position -166.925 1921.36 492.858
orientation -1 0 0 1.5708
focalDistance 1933.42
}
DEF FRONT_SLV PerspectiveCamera {
position -142.872 307.61 2066.5
orientation 0 0 1 0
focalDistance 2111.7
}
DEF LEFT_SLV PerspectiveCamera {
position -1711.31 420.587 727.4
orientation 0 -1 0 1.5708
focalDistance 1763.84
}
DEF RIGHT_SLV PerspectiveCamera {
position 1069.27 117.267 529.734
orientation 0 1 0 1.5708
focalDistance 1352.12
}
}
Model_Info {
fields [ SFLong proe_id, SFString proe_type_s,
SFString proe_name, SFLong maj_rev,
SFLong min_rev, SFLong rev_num, SFLong rev_num_cosm,
SFString inst_type_s, SFString generic_name
]
proe_id 5
proe_type_s "Proe_Assembly"
proe_name "ZSB_KOPF_2V"
maj_rev -5
min_rev  -5
rev_num 2124
rev_num_cosm 541
inst_type_s "Inst_Type_Main"
generic_name ""
}
Group {
Node_Info {
fields [SFString node_type,SFString node_name]
node_type "Lod_Rep_List"
node_name ""
}
Switch {
whichChild 0
Group {
Node_Info {
fields [SFString node_type,SFString node_name]
node_type "Lod_Rep"
node_name ""
}
DEF Rep_0 Group {
Node_Info {
fields [SFString node_type,SFString node_name]
node_type "Rep"
node_name "Rep_0"
}
DEF Member_0_35 Separator {
Node_Info {
fields [SFString node_type,SFString node_name]
node_type "Member"
node_name "Member_0_35"
}
Member_Info {
fields [SFString member_name, SFLong member_id, SFString expl_status_s, SFMatrix drag_trf]
member_name "Member_0_35"
member_id 35
expl_status_s "Vrml_Exp_Expl"
drag_trf 1 0 0 0 0 1 0 0 0 0 1 0 0 0 0 1 
}
MatrixTransform {
matrix
1 0 0 0 
0 1 0 0 
0 0 1 0 
2.27374e-13 234.208 2.27374e-13 1 
}
WWWInline { name "vw_head_p.wrl"}
}
DEF Member_0_37 Separator {
Node_Info {
fields [SFString node_type,SFString node_name]
node_type "Member"
node_name "Member_0_37"
}
Member_Info {
fields [SFString member_name, SFLong member_id, SFString expl_status_s, SFMatrix drag_trf]
member_name "Member_0_37"
member_id 37
expl_status_s "Vrml_Exp_Expl"
drag_trf 1 0 0 0 0 1 0 0 0 0 1 0 -412.5 44 109.5 1 
}
MatrixTransform {
matrix
1 0 0 0 
0 1 0 0 
0 0 1 0 
-412.5 44 815.755 1 
}
Material {
ambientColor [
 0.5 0.5 0.5,]
diffuseColor [
 0.5 0.5 0.5,]
specularColor [
 1 1 1,]
shininess [
1 ,]
}
WWWInline { name "header_p.wrl"}
}
DEF Member_0_36 Separator {
Node_Info {
fields [SFString node_type,SFString node_name]
node_type "Member"
node_name "Member_0_36"
}
Member_Info {
fields [SFString member_name, SFLong member_id, SFString expl_status_s, SFMatrix drag_trf]
member_name "Member_0_36"
member_id 36
expl_status_s "Vrml_Exp_Expl"
drag_trf -1 0 0 0 0 -1 0 0 0 0 1 0 -444.5 17 65 1 
}
MatrixTransform {
matrix
-1 0 0 0 
0 -1 0 0 
0 0 1 0 
-558.11 17 65 1 
}
WWWInline { name "021_145_299_p.wrl"}
}
DEF Member_0_38 Separator {
Node_Info {
fields [SFString node_type,SFString node_name]
node_type "Member"
node_name "Member_0_38"
}
Member_Info {
fields [SFString member_name, SFLong member_id, SFString expl_status_s, SFMatrix drag_trf]
member_name "Member_0_38"
member_id 38
expl_status_s "Vrml_Exp_Expl"
drag_trf 1 0 0 0 0 1 0 0 0 0 1 0 46.5 20 118.5 1 
}
MatrixTransform {
matrix
1 0 0 0 
0 1 0 0 
0 0 1 0 
46.5 20 459.237 1 
}
Material {
ambientColor [
 0.688444 0.585261 0.16167,]
diffuseColor [
 0.275377 0.234104 0.0646682,]
specularColor [
 0.5 0.5 0.5,]
shininess [
0.5 ,]
}
WWWInline { name "021_103_390_p.wrl"}
}
DEF Member_0_39 Separator {
Node_Info {
fields [SFString node_type,SFString node_name]
node_type "Member"
node_name "Member_0_39"
}
Member_Info {
fields [SFString member_name, SFLong member_id, SFString expl_status_s, SFMatrix drag_trf]
member_name "Member_0_39"
member_id 39
expl_status_s "Vrml_Exp_Expl"
drag_trf -1 0 0 0 0 1 0 0 0 0 -1 0 -117.5 69 123.5 1 
}
MatrixTransform {
matrix
-1 0 0 0 
0 1 0 0 
0 0 -1 0 
-117.5 69 499.78 1 
}
WWWInline { name "021_131_083_b_a.wrl"}
}
DEF Member_0_174 Separator {
Node_Info {
fields [SFString node_type,SFString node_name]
node_type "Member"
node_name "Member_0_174"
}
Member_Info {
fields [SFString member_name, SFLong member_id, SFString expl_status_s, SFMatrix drag_trf]
member_name "Member_0_174"
member_id 174
expl_status_s "Vrml_Exp_Expl"
drag_trf 0 0 1 0 1 0 0 0 0 1 0 0 -13.5 44 125.5 1 
}
MatrixTransform {
matrix
0 0 1 0 
1 0 0 0 
0 1 0 0 
-13.5 44 487.999 1 
}
WWWInline { name "n_903_559_02_p.wrl"}
}
DEF Member_0_175 Separator {
Node_Info {
fields [SFString node_type,SFString node_name]
node_type "Member"
node_name "Member_0_175"
}
Member_Info {
fields [SFString member_name, SFLong member_id, SFString expl_status_s, SFMatrix drag_trf]
member_name "Member_0_175"
member_id 175
expl_status_s "Vrml_Exp_Expl"
drag_trf 0 0 1 0 1 0 0 0 0 1 0 0 -143.5 44 125.5 1 
}
MatrixTransform {
matrix
0 0 1 0 
1 0 0 0 
0 1 0 0 
-143.5 44 487.999 1 
}
WWWInline { name "n_903_559_02_p.wrl"}
}
DEF Member_0_114 Separator {
Node_Info {
fields [SFString node_type,SFString node_name]
node_type "Member"
node_name "Member_0_114"
}
Member_Info {
fields [SFString member_name, SFLong member_id, SFString expl_status_s, SFMatrix drag_trf]
member_name "Member_0_114"
member_id 114
expl_status_s "Vrml_Exp_Expl"
drag_trf 1 0 0 0 0 1 0 0 0 0 1 0 -25 79.7749 228.012 1 
}
MatrixTransform {
matrix
1 5.84157e-17 -4.48239e-17 0 
-5.84157e-17 1 -4.996e-16 0 
4.48239e-17 4.996e-16 1 0 
-25 827.59 542.598 1 
}
Material {
ambientColor [
 0.5 0.5 0.5,]
diffuseColor [
 0.5 0.5 0.5,]
specularColor [
 1 1 1,]
shininess [
1 ,]
}
WWWInline { name "intake_manifold_p.wrl"}
}
DEF Member_0_176 Separator {
Node_Info {
fields [SFString node_type,SFString node_name]
node_type "Member"
node_name "Member_0_176"
}
Member_Info {
fields [SFString member_name, SFLong member_id, SFString expl_status_s, SFMatrix drag_trf]
member_name "Member_0_176"
member_id 176
expl_status_s "Vrml_Exp_Expl"
drag_trf 0 0.608761 0.793353 0 0 -0.793353 0.608761 0 1 0 0 0 -411 89.5151 240.706 1 
}
MatrixTransform {
matrix
0 0.608761 0.793353 0 
0 -0.793353 0.608761 0 
1 0 0 0 
-411 173.247 572.557 1 
}
WWWInline { name "n_903_559_02_p.wrl"}
}
DEF Member_0_177 Separator {
Node_Info {
fields [SFString node_type,SFString node_name]
node_type "Member"
node_name "Member_0_177"
}
Member_Info {
fields [SFString member_name, SFLong member_id, SFString expl_status_s, SFMatrix drag_trf]
member_name "Member_0_177"
member_id 177
expl_status_s "Vrml_Exp_Expl"
drag_trf 0 0.608761 0.793353 0 0 -0.793353 0.608761 0 1 0 0 0 -25 89.5151 240.706 1 
}
MatrixTransform {
matrix
0 0.608761 0.793353 0 
0 -0.793353 0.608761 0 
1 0 0 0 
-25 173.247 572.557 1 
}
WWWInline { name "n_903_559_02_p.wrl"}
}
DEF Member_0_178 Separator {
Node_Info {
fields [SFString node_type,SFString node_name]
node_type "Member"
node_name "Member_0_178"
}
Member_Info {
fields [SFString member_name, SFLong member_id, SFString expl_status_s, SFMatrix drag_trf]
member_name "Member_0_178"
member_id 178
expl_status_s "Vrml_Exp_Expl"
drag_trf 0 0.608761 0.793353 0 0 -0.793353 0.608761 0 1 0 0 0 -79 125.216 213.312 1 
}
MatrixTransform {
matrix
0 0.608761 0.793353 0 
0 -0.793353 0.608761 0 
1 0 0 0 
-79 208.948 545.163 1 
}
WWWInline { name "n_903_559_02_p.wrl"}
}
DEF Member_0_179 Separator {
Node_Info {
fields [SFString node_type,SFString node_name]
node_type "Member"
node_name "Member_0_179"
}
Member_Info {
fields [SFString member_name, SFLong member_id, SFString expl_status_s, SFMatrix drag_trf]
member_name "Member_0_179"
member_id 179
expl_status_s "Vrml_Exp_Expl"
drag_trf 0 0.608761 0.793353 0 0 -0.793353 0.608761 0 1 0 0 0 -153 89.5151 240.706 1 
}
MatrixTransform {
matrix
0 0.608761 0.793353 0 
0 -0.793353 0.608761 0 
1 0 0 0 
-153 173.247 572.557 1 
}
WWWInline { name "n_903_559_02_p.wrl"}
}
DEF Member_0_180 Separator {
Node_Info {
fields [SFString node_type,SFString node_name]
node_type "Member"
node_name "Member_0_180"
}
Member_Info {
fields [SFString member_name, SFLong member_id, SFString expl_status_s, SFMatrix drag_trf]
member_name "Member_0_180"
member_id 180
expl_status_s "Vrml_Exp_Expl"
drag_trf 0 0.608761 0.793353 0 0 -0.793353 0.608761 0 1 0 0 0 -209 125.216 213.312 1 
}
MatrixTransform {
matrix
0 0.608761 0.793353 0 
0 -0.793353 0.608761 0 
1 0 0 0 
-209 208.948 545.163 1 
}
WWWInline { name "n_903_559_02_p.wrl"}
}
DEF Member_0_181 Separator {
Node_Info {
fields [SFString node_type,SFString node_name]
node_type "Member"
node_name "Member_0_181"
}
Member_Info {
fields [SFString member_name, SFLong member_id, SFString expl_status_s, SFMatrix drag_trf]
member_name "Member_0_181"
member_id 181
expl_status_s "Vrml_Exp_Expl"
drag_trf 0 0.608761 0.793353 0 0 -0.793353 0.608761 0 1 0 0 0 -283 89.5151 240.706 1 
}
MatrixTransform {
matrix
0 0.608761 0.793353 0 
0 -0.793353 0.608761 0 
1 0 0 0 
-283 173.247 572.557 1 
}
WWWInline { name "n_903_559_02_p.wrl"}
}
DEF Member_0_182 Separator {
Node_Info {
fields [SFString node_type,SFString node_name]
node_type "Member"
node_name "Member_0_182"
}
Member_Info {
fields [SFString member_name, SFLong member_id, SFString expl_status_s, SFMatrix drag_trf]
member_name "Member_0_182"
member_id 182
expl_status_s "Vrml_Exp_Expl"
drag_trf 0 0.608761 0.793353 0 0 -0.793353 0.608761 0 1 0 0 0 -339 125.216 213.312 1 
}
MatrixTransform {
matrix
0 0.608761 0.793353 0 
0 -0.793353 0.608761 0 
1 0 0 0 
-339 208.948 545.163 1 
}
WWWInline { name "n_903_559_02_p.wrl"}
}
DEF Member_0_183 Separator {
Node_Info {
fields [SFString node_type,SFString node_name]
node_type "Member"
node_name "Member_0_183"
}
Member_Info {
fields [SFString member_name, SFLong member_id, SFString expl_status_s, SFMatrix drag_trf]
member_name "Member_0_183"
member_id 183
expl_status_s "Vrml_Exp_Expl"
drag_trf 0 0 1 0 1 0 0 0 0 1 0 0 -69.5 122 125.5 1 
}
MatrixTransform {
matrix
0 0 1 0 
1 0 0 0 
0 1 0 0 
-69.5 122 369.991 1 
}
WWWInline { name "n_903_559_02_p.wrl"}
}
DEF Member_0_184 Separator {
Node_Info {
fields [SFString node_type,SFString node_name]
node_type "Member"
node_name "Member_0_184"
}
Member_Info {
fields [SFString member_name, SFLong member_id, SFString expl_status_s, SFMatrix drag_trf]
member_name "Member_0_184"
member_id 184
expl_status_s "Vrml_Exp_Expl"
drag_trf 0 0 1 0 1 0 0 0 0 1 0 0 -112.5 122 125.5 1 
}
MatrixTransform {
matrix
0 0 1 0 
1 0 0 0 
0 1 0 0 
-112.5 122 369.991 1 
}
WWWInline { name "n_903_559_02_p.wrl"}
}
DEF Member_0_185 Separator {
Node_Info {
fields [SFString node_type,SFString node_name]
node_type "Member"
node_name "Member_0_185"
}
Member_Info {
fields [SFString member_name, SFLong member_id, SFString expl_status_s, SFMatrix drag_trf]
member_name "Member_0_185"
member_id 185
expl_status_s "Vrml_Exp_Expl"
drag_trf 0 0 1 0 1 0 0 0 0 1 0 0 -199.5 122 125.5 1 
}
MatrixTransform {
matrix
0 0 1 0 
1 0 0 0 
0 1 0 0 
-199.5 122 369.991 1 
}
WWWInline { name "n_903_559_02_p.wrl"}
}
DEF Member_0_186 Separator {
Node_Info {
fields [SFString node_type,SFString node_name]
node_type "Member"
node_name "Member_0_186"
}
Member_Info {
fields [SFString member_name, SFLong member_id, SFString expl_status_s, SFMatrix drag_trf]
member_name "Member_0_186"
member_id 186
expl_status_s "Vrml_Exp_Expl"
drag_trf 0 0 1 0 1 0 0 0 0 1 0 0 -242.5 122 125.5 1 
}
MatrixTransform {
matrix
0 0 1 0 
1 0 0 0 
0 1 0 0 
-242.5 122 369.991 1 
}
WWWInline { name "n_903_559_02_p.wrl"}
}
DEF Member_0_187 Separator {
Node_Info {
fields [SFString node_type,SFString node_name]
node_type "Member"
node_name "Member_0_187"
}
Member_Info {
fields [SFString member_name, SFLong member_id, SFString expl_status_s, SFMatrix drag_trf]
member_name "Member_0_187"
member_id 187
expl_status_s "Vrml_Exp_Expl"
drag_trf 0 0 1 0 1 0 0 0 0 1 0 0 -329.5 122 125.5 1 
}
MatrixTransform {
matrix
0 0 1 0 
1 0 0 0 
0 1 0 0 
-329.5 122 369.991 1 
}
WWWInline { name "n_903_559_02_p.wrl"}
}
DEF Member_0_188 Separator {
Node_Info {
fields [SFString node_type,SFString node_name]
node_type "Member"
node_name "Member_0_188"
}
Member_Info {
fields [SFString member_name, SFLong member_id, SFString expl_status_s, SFMatrix drag_trf]
member_name "Member_0_188"
member_id 188
expl_status_s "Vrml_Exp_Expl"
drag_trf 0 0 1 0 1 0 0 0 0 1 0 0 -412.5 122 125.5 1 
}
MatrixTransform {
matrix
0 0 1 0 
1 0 0 0 
0 1 0 0 
-412.5 122 369.991 1 
}
WWWInline { name "n_903_559_02_p.wrl"}
}
DEF Member_0_189 Separator {
Node_Info {
fields [SFString node_type,SFString node_name]
node_type "Member"
node_name "Member_0_189"
}
Member_Info {
fields [SFString member_name, SFLong member_id, SFString expl_status_s, SFMatrix drag_trf]
member_name "Member_0_189"
member_id 189
expl_status_s "Vrml_Exp_Expl"
drag_trf 0 0 1 0 1 0 0 0 0 1 0 0 -403.5 44 125.5 1 
}
MatrixTransform {
matrix
0 0 1 0 
1 0 0 0 
0 1 0 0 
-403.5 44 369.991 1 
}
WWWInline { name "n_903_559_02_p.wrl"}
}
DEF Member_0_190 Separator {
Node_Info {
fields [SFString node_type,SFString node_name]
node_type "Member"
node_name "Member_0_190"
}
Member_Info {
fields [SFString member_name, SFLong member_id, SFString expl_status_s, SFMatrix drag_trf]
member_name "Member_0_190"
member_id 190
expl_status_s "Vrml_Exp_Expl"
drag_trf 0 0 1 0 1 0 0 0 0 1 0 0 -273.5 44 125.5 1 
}
MatrixTransform {
matrix
0 0 1 0 
1 0 0 0 
0 1 0 0 
-273.5 44 369.991 1 
}
WWWInline { name "n_903_559_02_p.wrl"}
}
DEF Member_0_191 Separator {
Node_Info {
fields [SFString node_type,SFString node_name]
node_type "Member"
node_name "Member_0_191"
}
Member_Info {
fields [SFString member_name, SFLong member_id, SFString expl_status_s, SFMatrix drag_trf]
member_name "Member_0_191"
member_id 191
expl_status_s "Vrml_Exp_Expl"
drag_trf -1 0 0 0 0 -1 0 0 0 0 1 0 -459.2 74 95 1 
}
MatrixTransform {
matrix
-1 0 0 0 
0 -1 0 0 
0 0 1 0 
-595.082 74 95 1 
}
WWWInline { name "n_090_316_1_p.wrl"}
}
DEF Member_0_193 Separator {
Node_Info {
fields [SFString node_type,SFString node_name]
node_type "Member"
node_name "Member_0_193"
}
Member_Info {
fields [SFString member_name, SFLong member_id, SFString expl_status_s, SFMatrix drag_trf]
member_name "Member_0_193"
member_id 193
expl_status_s "Vrml_Exp_Expl"
drag_trf -1 0 0 0 0 -1 0 0 0 0 1 0 -459.2 17 65 1 
}
MatrixTransform {
matrix
-1 0 0 0 
0 -1 0 0 
0 0 1 0 
-595.082 17 65 1 
}
WWWInline { name "n_090_316_1_p.wrl"}
}
DEF Member_0_194 Separator {
Node_Info {
fields [SFString node_type,SFString node_name]
node_type "Member"
node_name "Member_0_194"
}
Member_Info {
fields [SFString member_name, SFLong member_id, SFString expl_status_s, SFMatrix drag_trf]
member_name "Member_0_194"
member_id 194
expl_status_s "Vrml_Exp_Expl"
drag_trf -1 0 0 0 0 -1 0 0 0 0 1 0 -459.2 37 100 1 
}
MatrixTransform {
matrix
-1 0 0 0 
0 -1 0 0 
0 0 1 0 
-595.082 37 100 1 
}
WWWInline { name "n_090_316_1_p.wrl"}
}
DEF Member_0_213 Separator {
Node_Info {
fields [SFString node_type,SFString node_name]
node_type "Member"
node_name "Member_0_213"
}
Member_Info {
fields [SFString member_name, SFLong member_id, SFString expl_status_s, SFMatrix drag_trf]
member_name "Member_0_213"
member_id 213
expl_status_s "Vrml_Exp_Expl"
drag_trf 0.914401 -0.40481 0 0 0.40481 0.914401 0 0 0 0 1 0 -244.022 14.0349 96.5 1 
}
MatrixTransform {
matrix
0.914401 -0.40481 0 0 
0.40481 0.914401 0 0 
0 0 1 0 
-244.022 14.0349 422.407 1 
}
WWWInline { name "021_131_097_a_a.wrl"}
}
DEF Member_0_240 Separator {
Node_Info {
fields [SFString node_type,SFString node_name]
node_type "Member"
node_name "Member_0_240"
}
Member_Info {
fields [SFString member_name, SFLong member_id]
member_name "Member_0_240"
member_id 240
}
MatrixTransform {
matrix
1 0 0 0 
0 1 0 0 
0 0 1 0 
23 142.2 0 1 
}
WWWInline { name "021_103_475_g_a.wrl"}
}
DEF Member_0_247 Separator {
Node_Info {
fields [SFString node_type,SFString node_name]
node_type "Member"
node_name "Member_0_247"
}
Member_Info {
fields [SFString member_name, SFLong member_id, SFString expl_status_s, SFMatrix drag_trf]
member_name "Member_0_247"
member_id 247
expl_status_s "Vrml_Exp_Expl"
drag_trf 0 0.814116 0.580703 0 1 0 0 0 0 0.580703 -0.814116 0 -208.7 -36.4574 223.891 1 
}
MatrixTransform {
matrix
0 0.814116 0.580703 0 
1 0 0 0 
0 0.580703 -0.814116 0 
-238.7 -16.1799 571.743 1 
}
WWWInline { name "norma_jet_v2_nw27_p.wrl"}
}
DEF Member_0_262 Separator {
Node_Info {
fields [SFString node_type,SFString node_name]
node_type "Member"
node_name "Member_0_262"
}
Member_Info {
fields [SFString member_name, SFLong member_id, SFString expl_status_s, SFMatrix drag_trf]
member_name "Member_0_262"
member_id 262
expl_status_s "Vrml_Exp_Expl"
drag_trf 0 0.798562 0.601913 0 1 0 0 0 0 0.601913 -0.798562 0 -90 34.231 227.085 1 
}
MatrixTransform {
matrix
0 0.798562 0.601913 0 
1 0 0 0 
0 0.601913 -0.798562 0 
-26.3711 -88.6943 458.904 1 
}
WWWInline { name "191_906_283_a_p.wrl"}
}
DEF Member_0_265 Separator {
Node_Info {
fields [SFString node_type,SFString node_name]
node_type "Member"
node_name "Member_0_265"
}
Member_Info {
fields [SFString member_name, SFLong member_id, SFString expl_status_s, SFMatrix drag_trf]
member_name "Member_0_265"
member_id 265
expl_status_s "Vrml_Exp_Expl"
drag_trf 1 0 0 0 0 -0.902585 -0.430511 0 0 0.430511 -0.902585 0 -145.5 -96.4105 236.376 1 
}
MatrixTransform {
matrix
1 0 0 0 
0 -0.902585 -0.430511 0 
0 0.430511 -0.902585 0 
-175.5 -80.995 580.336 1 
}
WWWInline { name "norma_jet_v2_nw19_90_p.wrl"}
}
DEF Member_0_266 Separator {
Node_Info {
fields [SFString node_type,SFString node_name]
node_type "Member"
node_name "Member_0_266"
}
Member_Info {
fields [SFString member_name, SFLong member_id]
member_name "Member_0_266"
member_id 266
}
MatrixTransform {
matrix
0.894665 -0.40033 -0.198267 0 
-0.427027 -0.635981 -0.642788 0 
0.131233 0.659745 -0.739942 0 
-229.835 9.58069 236.922 1 
}
WWWInline { name "norma_jet_v2_nw19_90_p.wrl"}
}
DEF Member_0_435 Separator {
Node_Info {
fields [SFString node_type,SFString node_name]
node_type "Member"
node_name "Member_0_435"
}
Member_Info {
fields [SFString member_name, SFLong member_id, SFString expl_status_s, SFMatrix drag_trf]
member_name "Member_0_435"
member_id 435
expl_status_s "Vrml_Exp_Expl"
drag_trf -3.41607e-17 -0.793353 0.608761 0 0 -0.608761 -0.793353 0 1 -2.71015e-17 2.07957e-17 0 34 154.933 192.904 1 
}
MatrixTransform {
matrix
-1.09314e-16 -0.793353 0.608761 0 
0 -0.608761 -0.793353 0 
1 -8.67248e-17 6.65463e-17 0 
9.11707 308.161 574.448 1 
}
WWWInline { name "021_133_317_j_a.wrl"}
}
DEF Member_0_444 Separator {
Node_Info {
fields [SFString node_type,SFString node_name]
node_type "Member"
node_name "Member_0_444"
}
Member_Info {
fields [SFString member_name, SFLong member_id, SFString expl_status_s, SFMatrix drag_trf]
member_name "Member_0_444"
member_id 444
expl_status_s "Vrml_Exp_Expl"
drag_trf 0 0 1 0 1 0 0 0 0 1 0 0 -15.5 27 129.5 1 
}
MatrixTransform {
matrix
0 0 1 0 
1 0 0 0 
0 1 0 0 
-15.5 27 523.346 1 
}
WWWInline { name "n_100_557_01_p.wrl"}
}
DEF Member_0_445 Separator {
Node_Info {
fields [SFString node_type,SFString node_name]
node_type "Member"
node_name "Member_0_445"
}
Member_Info {
fields [SFString member_name, SFLong member_id, SFString expl_status_s, SFMatrix drag_trf]
member_name "Member_0_445"
member_id 445
expl_status_s "Vrml_Exp_Expl"
drag_trf 0 0 1 0 1 0 0 0 0 1 0 0 -82.5 69 129.5 1 
}
MatrixTransform {
matrix
0 0 1 0 
1 0 0 0 
0 1 0 0 
-82.5 69 523.346 1 
}
WWWInline { name "n_100_557_01_p.wrl"}
}
DEF Member_0_446 Separator {
Node_Info {
fields [SFString node_type,SFString node_name]
node_type "Member"
node_name "Member_0_446"
}
Member_Info {
fields [SFString member_name, SFLong member_id, SFString expl_status_s, SFMatrix drag_trf]
member_name "Member_0_446"
member_id 446
expl_status_s "Vrml_Exp_Expl"
drag_trf 0 0 1 0 1 0 0 0 0 1 0 0 -94.5 35 129.5 1 
}
MatrixTransform {
matrix
0 0 1 0 
1 0 0 0 
0 1 0 0 
-94.5 35 523.346 1 
}
WWWInline { name "n_100_557_01_p.wrl"}
}
DEF Member_0_440 Separator {
Node_Info {
fields [SFString node_type,SFString node_name]
node_type "Member"
node_name "Member_0_440"
}
Member_Info {
fields [SFString member_name, SFLong member_id, SFString expl_status_s, SFMatrix drag_trf]
member_name "Member_0_440"
member_id 440
expl_status_s "Vrml_Exp_Expl"
drag_trf 0 0.608761 0.793353 0 0 -0.793353 0.608761 0 1 0 0 0 -96 115.78 201.015 1 
}
MatrixTransform {
matrix
0 0.608761 0.793353 0 
0 -0.793353 0.608761 0 
1 0 0 0 
-96 272.448 627.918 1 
}
WWWInline { name "n_100_975_01_p.wrl"}
}
DEF Member_0_441 Separator {
Node_Info {
fields [SFString node_type,SFString node_name]
node_type "Member"
node_name "Member_0_441"
}
Member_Info {
fields [SFString member_name, SFLong member_id, SFString expl_status_s, SFMatrix drag_trf]
member_name "Member_0_441"
member_id 441
expl_status_s "Vrml_Exp_Expl"
drag_trf 0 0.608761 0.793353 0 0 -0.793353 0.608761 0 1 0 0 0 -356 115.78 201.015 1 
}
MatrixTransform {
matrix
0 0.608761 0.793353 0 
0 -0.793353 0.608761 0 
1 0 0 0 
-356 272.448 627.918 1 
}
WWWInline { name "n_100_975_01_p.wrl"}
}
DEF Member_0_442 Separator {
Node_Info {
fields [SFString node_type,SFString node_name]
node_type "Member"
node_name "Member_0_442"
}
Member_Info {
fields [SFString member_name, SFLong member_id, SFString expl_status_s, SFMatrix drag_trf]
member_name "Member_0_442"
member_id 442
expl_status_s "Vrml_Exp_Expl"
drag_trf 0 0.608761 0.793353 0 0 -0.793353 0.608761 0 1 0 0 0 -155 125.878 118.899 1 
}
MatrixTransform {
matrix
0 0.608761 0.793353 0 
0 -0.793353 0.608761 0 
1 0 0 0 
-134.59 295.5 447.407 1 
}
WWWInline { name "n_100_975_01_p.wrl"}
}
DEF Member_0_443 Separator {
Node_Info {
fields [SFString node_type,SFString node_name]
node_type "Member"
node_name "Member_0_443"
}
Member_Info {
fields [SFString member_name, SFLong member_id, SFString expl_status_s, SFMatrix drag_trf]
member_name "Member_0_443"
member_id 443
expl_status_s "Vrml_Exp_Expl"
drag_trf 0 0.608761 0.793353 0 0 -0.793353 0.608761 0 1 0 0 0 -285 125.878 118.899 1 
}
MatrixTransform {
matrix
0 0.608761 0.793353 0 
0 -0.793353 0.608761 0 
1 0 0 0 
-264.59 295.5 447.407 1 
}
WWWInline { name "n_100_975_01_p.wrl"}
}
DEF Member_0_447 Separator {
Node_Info {
fields [SFString node_type,SFString node_name]
node_type "Member"
node_name "Member_0_447"
}
Member_Info {
fields [SFString member_name, SFLong member_id]
member_name "Member_0_447"
member_id 447
}
MatrixTransform {
matrix
0.707107 0.560986 -0.430459 0 
0 0.608761 0.793353 0 
0.707107 -0.560986 0.430459 0 
14.03 167.87 209.762 1 
}
WWWInline { name "037_133_035_c_p.wrl"}
}
DEF Member_0_448 Separator {
Node_Info {
fields [SFString node_type,SFString node_name]
node_type "Member"
node_name "Member_0_448"
}
Member_Info {
fields [SFString member_name, SFLong member_id]
member_name "Member_0_448"
member_id 448
}
MatrixTransform {
matrix
-1 0 0 0 
0 0.608761 0.793353 0 
0 0.793353 -0.608761 0 
14.03 171.096 213.967 1 
}
WWWInline { name "037_133_047_a_p.wrl"}
}
DEF Member_0_452 Separator {
Node_Info {
fields [SFString node_type,SFString node_name]
node_type "Member"
node_name "Member_0_452"
}
Member_Info {
fields [SFString member_name, SFLong member_id, SFString expl_status_s, SFMatrix drag_trf]
member_name "Member_0_452"
member_id 452
expl_status_s "Vrml_Exp_Expl"
drag_trf 0 0.793353 -0.608761 0 1 0 0 0 0 -0.608761 -0.793353 0 -391 129.578 159.861 1 
}
MatrixTransform {
matrix
0 0.793353 -0.608761 0 
1 0 0 0 
0 -0.608761 -0.793353 0 
-415.883 15.0019 192.396 1 
}
WWWInline { name "021_906_031_a_p.wrl"}
}
DEF Member_0_455 Separator {
Node_Info {
fields [SFString node_type,SFString node_name]
node_type "Member"
node_name "Member_0_455"
}
Member_Info {
fields [SFString member_name, SFLong member_id, SFString expl_status_s, SFMatrix drag_trf]
member_name "Member_0_455"
member_id 455
expl_status_s "Vrml_Exp_Expl"
drag_trf 0 0.793353 -0.608761 0 1 0 0 0 0 -0.608761 -0.793353 0 -308.5 129.578 159.861 1 
}
MatrixTransform {
matrix
0 0.793353 -0.608761 0 
1 0 0 0 
0 -0.608761 -0.793353 0 
-333.383 15.0019 192.396 1 
}
WWWInline { name "021_906_031_a_p.wrl"}
}
DEF Member_0_458 Separator {
Node_Info {
fields [SFString node_type,SFString node_name]
node_type "Member"
node_name "Member_0_458"
}
Member_Info {
fields [SFString member_name, SFLong member_id, SFString expl_status_s, SFMatrix drag_trf]
member_name "Member_0_458"
member_id 458
expl_status_s "Vrml_Exp_Expl"
drag_trf 0 0.793353 -0.608761 0 1 0 0 0 0 -0.608761 -0.793353 0 -178.5 129.578 159.861 1 
}
MatrixTransform {
matrix
0 0.793353 -0.608761 0 
1 0 0 0 
0 -0.608761 -0.793353 0 
-203.383 15.0019 192.396 1 
}
WWWInline { name "021_906_031_a_p.wrl"}
}
DEF Member_0_461 Separator {
Node_Info {
fields [SFString node_type,SFString node_name]
node_type "Member"
node_name "Member_0_461"
}
Member_Info {
fields [SFString member_name, SFLong member_id, SFString expl_status_s, SFMatrix drag_trf]
member_name "Member_0_461"
member_id 461
expl_status_s "Vrml_Exp_Expl"
drag_trf 0 0.793353 -0.608761 0 1 0 0 0 0 -0.608761 -0.793353 0 -131 129.578 159.861 1 
}
MatrixTransform {
matrix
0 0.793353 -0.608761 0 
1 0 0 0 
0 -0.608761 -0.793353 0 
-155.883 15.0019 192.396 1 
}
WWWInline { name "021_906_031_a_p.wrl"}
}
DEF Member_0_468 Separator {
Node_Info {
fields [SFString node_type,SFString node_name]
node_type "Member"
node_name "Member_0_468"
}
Member_Info {
fields [SFString member_name, SFLong member_id, SFString expl_status_s, SFMatrix drag_trf]
member_name "Member_0_468"
member_id 468
expl_status_s "Vrml_Exp_Expl"
drag_trf 0 0.793353 -0.608761 0 1 0 0 0 0 -0.608761 -0.793353 0 -48.5 129.578 159.861 1 
}
MatrixTransform {
matrix
0 0.793353 -0.608761 0 
1 0 0 0 
0 -0.608761 -0.793353 0 
-73.3829 15.0019 192.396 1 
}
WWWInline { name "021_906_031_a_p.wrl"}
}
DEF Member_0_471 Separator {
Node_Info {
fields [SFString node_type,SFString node_name]
node_type "Member"
node_name "Member_0_471"
}
Member_Info {
fields [SFString member_name, SFLong member_id, SFString expl_status_s, SFMatrix drag_trf]
member_name "Member_0_471"
member_id 471
expl_status_s "Vrml_Exp_Expl"
drag_trf 0 0.793353 -0.608761 0 1 0 0 0 0 -0.608761 -0.793353 0 -261 129.578 159.861 1 
}
MatrixTransform {
matrix
0 0.793353 -0.608761 0 
1 0 0 0 
0 -0.608761 -0.793353 0 
-285.883 15.0019 192.396 1 
}
WWWInline { name "021_906_031_a_p.wrl"}
}
DEF Member_0_476 Separator {
Node_Info {
fields [SFString node_type,SFString node_name]
node_type "Member"
node_name "Member_0_476"
}
Member_Info {
fields [SFString member_name, SFLong member_id]
member_name "Member_0_476"
member_id 476
}
MatrixTransform {
matrix
1 0 0 0 
0 1 0 0 
0 0 1 0 
0 13 100 1 
}
WWWInline { name "021_121_111_b_a.wrl"}
}
DEF Member_0_478 Separator {
Node_Info {
fields [SFString node_type,SFString node_name]
node_type "Member"
node_name "Member_0_478"
}
Member_Info {
fields [SFString member_name, SFLong member_id, SFString expl_status_s, SFMatrix drag_trf]
member_name "Member_0_478"
member_id 478
expl_status_s "Vrml_Exp_Expl"
drag_trf -1 0 0 0 0 0.990268 -0.139173 0 0 -0.139173 -0.990268 0 -404.8 178.185 -140.974 1 
}
MatrixTransform {
matrix
-1 0 0 0 
0 0.990268 -0.139173 0 
0 -0.139173 -0.990268 0 
-404.8 170.331 -196.855 1 
}
WWWInline { name "7m0_129_101_a_p.wrl"}
}
DEF Member_0_610 Separator {
Node_Info {
fields [SFString node_type,SFString node_name]
node_type "Member"
node_name "Member_0_610"
}
Member_Info {
fields [SFString member_name, SFLong member_id, SFString expl_status_s, SFMatrix drag_trf]
member_name "Member_0_610"
member_id 610
expl_status_s "Vrml_Exp_Expl"
drag_trf -0.818064 0.0519954 0.572772 0 0.0230991 -0.992131 0.123056 0 0.574663 0.113898 0.810426 0 -253.575 164.495 -238.017 1 
}
MatrixTransform {
matrix
-0.818064 0.0519954 0.572772 0 
0.0230991 -0.992131 0.123056 0 
0.574663 0.113898 0.810426 0 
-467.376 192.604 -224.948 1 
}
WWWInline { name "021_133_063_c_p.wrl"}
}
DEF Member_0_614 Separator {
Node_Info {
fields [SFString node_type,SFString node_name]
node_type "Member"
node_name "Member_0_614"
}
Member_Info {
fields [SFString member_name, SFLong member_id]
member_name "Member_0_614"
member_id 614
}
MatrixTransform {
matrix
1 0 0 0 
0 1 0 0 
0 0 1 0 
0 0 0 1 
}
WWWInline { name "021_131_149_a_p.wrl"}
}
DEF Member_0_615 Separator {
Node_Info {
fields [SFString node_type,SFString node_name]
node_type "Member"
node_name "Member_0_615"
}
Member_Info {
fields [SFString member_name, SFLong member_id]
member_name "Member_0_615"
member_id 615
}
MatrixTransform {
matrix
1 0 0 0 
0 1 0 0 
0 0 1 0 
0 0 0 1 
}
WWWInline { name "test_a.wrl"}
}
DEF Member_0_617 Separator {
Node_Info {
fields [SFString node_type,SFString node_name]
node_type "Member"
node_name "Member_0_617"
}
Member_Info {
fields [SFString member_name, SFLong member_id]
member_name "Member_0_617"
member_id 617
}
MatrixTransform {
matrix
1 0 0 0 
0 1 0 0 
0 0 1 0 
0 0 0 1 
}
WWWInline { name "schlauch_1_p.wrl"}
}
DEF Member_0_619 Separator {
Node_Info {
fields [SFString node_type,SFString node_name]
node_type "Member"
node_name "Member_0_619"
}
Member_Info {
fields [SFString member_name, SFLong member_id]
member_name "Member_0_619"
member_id 619
}
MatrixTransform {
matrix
1 0 0 0 
0 1 0 0 
0 0 1 0 
0 0 0 1 
}
WWWInline { name "n_900_496_09_p.wrl"}
}
DEF Member_0_622 Separator {
Node_Info {
fields [SFString node_type,SFString node_name]
node_type "Member"
node_name "Member_0_622"
}
Member_Info {
fields [SFString member_name, SFLong member_id]
member_name "Member_0_622"
member_id 622
}
MatrixTransform {
matrix
1 0 0 0 
0 1 0 0 
0 0 1 0 
0 0 0 1 
}
WWWInline { name "021_131_057_p.wrl"}
}
DEF Member_0_625 Separator {
Node_Info {
fields [SFString node_type,SFString node_name]
node_type "Member"
node_name "Member_0_625"
}
Member_Info {
fields [SFString member_name, SFLong member_id, SFString expl_status_s, SFMatrix drag_trf]
member_name "Member_0_625"
member_id 625
expl_status_s "Vrml_Exp_Expl"
drag_trf -0.979429 -0.0951653 0.17794 0 0.1727 -0.851423 0.495231 0 0.104373 0.515774 0.850343 0 37.5164 184.044 183.295 1 
}
MatrixTransform {
matrix
-0.979429 -0.0951653 0.17794 0 
0.1727 -0.851423 0.495231 0 
0.104373 0.515774 0.850343 0 
38.8067 190.42 193.807 1 
}
WWWInline { name "021_201_943_p.wrl"}
}
}
}
}
}
}
