sh-r44374-000-u.asy 47
        1.0000000000         0.0000000000         0.0000000000 
        0.0000000000         1.0000000000         0.0000000000 
        0.0000000000         0.0000000000         1.0000000000 
        0.0000000000         0.0000000000         0.0000000000 
sh-r44370-000-u.asy 52
        0.7057070943         0.0000000000         0.7085037029 
        0.7085037029         0.0000000000        -0.7057070943 
        0.0000000000         1.0000000000         0.0000000000 
        0.7009000000        -0.2710000000        -0.1660000000 
thru-sh-r44373-000-u.asy 58
       -0.9920789156         0.0000000000         0.1256161822 
        0.0000000000         1.0000000000         0.0000000000 
       -0.1256161822         0.0000000000        -0.9920789156 
        1.2819000000        -0.2950000000         0.0690000000 
sh-r44371-000-u.sat 62
        0.4381147905         0.0000000000        -0.8989190344 
       -0.8989190344         0.0000000000        -0.4381147905 
        0.0000000000         1.0000000000         0.0000000000 
        0.5009000000        -0.4640000000         0.5870000000 
5100-12.sat 70
        1.0000000000         0.0000000000         0.0000000000 
        0.0000000000         0.0000000000         1.0000000000 
        0.0000000000        -1.0000000000         0.0000000000 
        1.2819000000        -0.4180000000         0.0690000000 
5100-12.sat 73
        1.0000000000         0.0000000000         0.0000000000 
        0.0000000000         0.0000000000         1.0000000000 
        0.0000000000        -1.0000000000         0.0000000000 
        0.7009000000        -0.2570000000        -0.1660000000 
x5133-6.sat 76
       -1.0000000000         0.0000000000         0.0000000000 
        0.0000000000         0.0000000000         1.0000000000 
        0.0000000000         1.0000000000         0.0000000000 
        0.5009000000        -0.4800000000         0.5870000000 
