$$*          Pro/CLfile  Version 19.0 - 9733
$$-> MFGNO / DOWNHOLE
PARTNO / DOWNHOLE_WP
$$-> FEATNO / 35
MACHIN / MILL, 01
UNITS / INCHES
DEFSUB / 1
FEDRAT / 10.000000,  IPM
GOTO / 6.6241820650, -0.2570973053, 3.9956837789,  $
0.0000000000, -0.1084410189, 0.9941028847
GOTO / 7.1619538626, -0.0783031361, 4.0031791295,  $
0.0000000000, -0.0639136520, 0.9979554324
GOTO / 7.6991020721, 0.1004404387, 4.0026859206,  $
0.0000000000, -0.0193105997, 0.9998135330
GOTO / 8.2367661885, 0.2791531421, 3.9942038747,  $
0.0000000000, 0.0253733095, 0.9996780458
GOTO / 8.7740661154, 0.4571852895, 3.9777594129,  $
0.0000000000, 0.0699761831, 0.9975486624
GOTO / 9.3116127669, 0.6343883071, 3.9533696006,  $
0.0000000000, 0.1144603601, 0.9934278162
GOTO / 9.8490875083, 0.8103048879, 3.9210943233,  $
0.0000000000, 0.1587106710, 0.9873251354
GOTO / 10.3863519715, 0.9845381514, 3.8810142386,  $
0.0000000000, 0.2026271218, 0.9792559673
GOTO / 10.9238493694, 1.1568802154, 3.8331727442,  $
0.0000000000, 0.2461578800, 0.9692297447
GOTO / 11.4612958896, 1.3268952526, 3.7776897578,  $
0.0000000000, 0.2891931833, 0.9572707573
GOTO / 11.9986612863, 1.4942386770, 3.7146773209,  $
0.0000000000, 0.3316455327, 0.9434040707
GOTO / 12.5361257156, 1.6586349459, 3.6442428908,  $
0.0000000000, 0.3734443946, 0.9276525665
GOTO / 13.0733396811, 1.8196487350, 3.5665764507,  $
0.0000000000, 0.4144790466, 0.9100588552
GOTO / 13.6107317167, 1.9770836266, 3.4817702016,  $
0.0000000000, 0.4547002301, 0.8906445423
GOTO / 14.1482116520, 2.1305981411, 3.3900060940,  $
0.0000000000, 0.4940206761, 0.8694501548
GOTO / 14.6855222207, 2.2798154590, 3.2915067008,  $
0.0000000000, 0.5323438704, 0.8465282060
GOTO / 15.2230222409, 2.4245402779, 3.1864059682,  $
0.0000000000, 0.5696187572, 0.8219090408
GOTO / 15.7604253363, 2.5644028106, 3.0749677067,  $
0.0000000000, 0.6057503931, 0.7956547375
GOTO / 16.2978282802, 2.6991471338, 2.9573962766,  $
0.0000000000, 0.6406733183, 0.7678135836
GOTO / 16.8354395742, 2.8285547098, 2.8338779324,  $
0.0000000000, 0.6743310068, 0.7384292067
GOTO / 17.3725806400, 2.9522107232, 2.7048153440,  $
0.0000000000, 0.7066152232, 0.7075979977
GOTO / 17.9099322450, 3.0700317865, 2.5703085936,  $
0.0000000000, 0.7375032760, 0.6753435555
GOTO / 18.4474893786, 3.1817708395, 2.4306209607,  $
0.0000000000, 0.7669312043, 0.6417293261
GOTO / 18.9847384552, 3.2870997146, 2.2861694133,  $
0.0000000000, 0.7948125302, 0.6068550418
GOTO / 19.5222504299, 3.3859184852, 2.1370860972,  $
0.0000000000, 0.8211217470, 0.5707530785
GOTO / 20.0595370974, 3.4779455313, 1.9838018335,  $
0.0000000000, 0.8457826705, 0.5335275759
GOTO / 20.5973211420, 3.5631166699, 1.8264133629,  $
0.0000000000, 0.8687778431, 0.4952020389
GOTO / 21.1344805855, 3.6410827314, 1.6655642887,  $
0.0000000000, 0.8900138225, 0.4559335431
GOTO / 21.1848835823, 3.6480278010, 1.6502958391,  $
0.0000000000, 0.8919160415, 0.4522010338
GOTO / 21.2042693361, 3.6508827114, 1.6481082213,  $
-0.0197435179, 0.8931452612, 0.4493347703
GOTO / 21.2228096091, 3.6513594577, 1.6513189132,  $
-0.0329927939, 0.8987725555, 0.4371720132
GOTO / 21.2349067837, 3.6498184363, 1.6562351389,  $
-0.0323356841, 0.9031964003, 0.4280077874
GOTO / 21.2419171847, 3.6469877176, 1.6598501954,  $
-0.0279685329, 0.9051960363, 0.4240729855
GOTO / 21.2474735927, 3.6444150217, 1.6637466796,  $
-0.0211525888, 0.9056131032, 0.4235770004
GOTO / 21.2548935487, 3.6382665169, 1.6699940248,  $
-0.0093812642, 0.9040760295, 0.4272686798
GOTO / 21.2588784492, 3.6336577778, 1.6745055972,  $
-0.0003210038, 0.9003091963, 0.4352507874
GOTO / 21.2590103978, 3.6334756154, 1.6746733162,  $
-0.0000629497, 0.9001791794, 0.4355197366
GOTO / 21.2591507251, 3.6333281971, 1.6748769166,  $
0.0002108292, 0.9000386925, 0.4358099443
GOTO / 21.2640584678, 3.6320804323, 1.6865537154,  $
0.0088525915, 0.8931897596, 0.4495927991
GOTO / 21.3349452956, 3.5362838729, 1.8771209737,  $
0.0088508284, 0.8931921624, 0.4495880601
GOTO / 21.3424872648, 3.5260271151, 1.8973659282,  $
0.0088493938, 0.8931941148, 0.4495842097
GOTO / 21.3424740732, 3.5260251078, 1.8973701757,  $
0.0082827515, 0.8939129099, 0.4481641502
GOTO / 21.3448718300, 3.5218677961, 1.9049887561,  $
0.0107404110, 0.8888971412, 0.4579809122
GOTO / 21.3454747254, 3.5094533040, 1.9220604378,  $
0.0041990283, 0.8775345626, 0.4794950048
GOTO / 21.3444357007, 3.5056139758, 1.9263542910,  $
-0.0000345555, 0.8752940727, 0.4835910308
GOTO / 21.3029068638, 3.4870495267, 1.9677572528,  $
0.0000000000, 0.8918582910, 0.4523149220
GOTO / 20.7658179350, 3.3957644440, 2.1214079585,  $
0.0000000000, 0.8707849668, 0.4916640536
GOTO / 20.2280461373, 3.2975815761, 2.2710196549,  $
0.0000000000, 0.8479464503, 0.5300818969
GOTO / 19.6908979278, 3.1929388417, 2.4159313760,  $
0.0000000000, 0.8234436387, 0.5673980736
GOTO / 19.1532338114, 3.0818245130, 2.5561589819,  $
0.0000000000, 0.7972742142, 0.6036172856
GOTO / 18.6159338845, 2.9646389446, 2.6911901204,  $
0.0000000000, 0.7695323408, 0.6386078424
GOTO / 18.0783872329, 2.8414826464, 2.8209140528,  $
0.0000000000, 0.7402419590, 0.6723405700
GOTO / 17.5409124915, 2.7126709641, 2.9449942180,  $
0.0000000000, 0.7094780561, 0.7047275274
GOTO / 17.0036480282, 2.5785008764, 3.0631552559,  $
0.0000000000, 0.6773114152, 0.7356964366
GOTO / 16.4661506303, 2.4391288724, 3.1752536061,  $
0.0000000000, 0.6437799272, 0.7652106935
GOTO / 15.9287041101, 2.2949065369, 3.2810051668,  $
0.0000000000, 0.6089673359, 0.7931952999
GOTO / 15.3913387135, 2.1461258451, 3.3801953611,  $
0.0000000000, 0.5729450320, 0.8195937959
GOTO / 14.8538742841, 1.9930347829, 3.4726630250,  $
0.0000000000, 0.5357727377, 0.8443622289
GOTO / 14.3166603186, 1.8360415583, 3.5581653269,  $
0.0000000000, 0.4975496393, 0.8674355056
GOTO / 13.7792682830, 1.6753356188, 3.6365964813,  $
0.0000000000, 0.4583220153, 0.8887862118
GOTO / 13.2417883478, 1.5112639175, 3.7077852053,  $
0.0000000000, 0.4181736815, 0.9083670910
GOTO / 12.7044777791, 1.3442270163, 3.7715551988,  $
0.0000000000, 0.3772035829, 0.9261303672
GOTO / 12.1669777590, 1.1744476235, 3.8278259277,  $
0.0000000000, 0.3354661450, 0.9420522627
GOTO / 11.6295746635, 1.0023556983, 3.8764508544,  $
0.0000000000, 0.2930671664, 0.9560918554
GOTO / 11.0921717197, 0.8282665024, 3.9173412651,  $
0.0000000000, 0.2500840484, 0.9682241315
GOTO / 10.5545604257, 0.6524587863, 3.9504282570,  $
0.0000000000, 0.2065851967, 0.9784286160
GOTO / 10.0174193598, 0.4755015697, 3.9756096962,  $
0.0000000000, 0.1627120350, 0.9866736004
GOTO / 9.4800677547, 0.2975247838, 3.9928762114,  $
0.0000000000, 0.1184969672, 0.9929544142
GOTO / 8.9425106211, 0.1188863833, 4.0021806503,  $
0.0000000000, 0.0740288340, 0.9972561014
GOTO / 8.4052615445, -0.0598835299, 4.0034996045,  $
0.0000000000, 0.0294390847, 0.9995665762
GOTO / 7.8677495700, -0.2386193325, 3.9968289667,  $
0.0000000000, -0.0152311054, 0.9998840000
GOTO / 7.3304629026, -0.4168068154, 3.9821912199,  $
0.0000000000, -0.0598527101, 0.9982072195
GOTO / 6.7926788580, -0.5943299618, 3.9595906445,  $
0.0000000000, -0.1043964541, 0.9945357612
GOTO / 6.2555194145, -0.7704623180, 3.9291189436,  $
0.0000000000, -0.1486802452, 0.9888853243
GOTO / 6.2051164177, -0.7869157071, 3.9258561950,  $
0.0000000000, -0.1528216484, 0.9882537851
GOTO / 6.1857306662, -0.7903577469, 3.9268995291,  $
0.0197435159, -0.1558668814, 0.9875807354
GOTO / 6.1671903921, -0.7880276307, 3.9291592607,  $
0.0329927935, -0.1690288951, 0.9850587334
GOTO / 6.1550932292, -0.7831353100, 3.9307745479,  $
0.0323356840, -0.1790532463, 0.9833078554
GOTO / 6.1480815999, -0.7785469046, 3.9305833436,  $
0.0279670038, -0.1834159958, 0.9826374811
GOTO / 6.1425230696, -0.7738789870, 3.9307656436,  $
0.0211499567, -0.1840635073, 0.9826867785
GOTO / 6.1350995814, -0.7652118265, 3.9294129236,  $
0.0093649081, -0.1801538385, 0.9835938659
GOTO / 6.1313151197, -0.7592218805, 3.9283841823,  $
0.0007005581, -0.1719098649, 0.9851124340
GOTO / 6.1308919112, -0.7584478740, 3.9282294708,  $
-0.0001277281, -0.1709707802, 0.9852760913
GOTO / 6.1308492746, -0.7583749659, 3.9282507411,  $
-0.0002108292, -0.1708737520, 0.9852929090
GOTO / 6.1259415322, -0.7481618257, 3.9340469727,  $
-0.0088525907, -0.1556832281, 0.9877673634
GOTO / 6.0550546932, -0.5374897358, 3.9673658224,  $
-0.0088508284, -0.1556884793, 0.9877665515
GOTO / 6.0470954827, -0.5138216574, 3.9710327892,  $
-0.0088492975, -0.1556930319, 0.9877658476
GOTO / 6.0451281698, -0.5064444793, 3.9719074668,  $
-0.0107404117, -0.1463658567, 0.9891722194
GOTO / 6.0445252747, -0.4853365327, 3.9717788544,  $
-0.0041990279, -0.1222626611, 0.9924888966
GOTO / 6.0455642993, -0.4796094226, 3.9711641875,  $
0.0000345554, -0.1176286843, 0.9930576476
GOTO / 6.0870931362, -0.4351497532, 3.9802296039,  $
0.0000000000, -0.1526954536, 0.9882732914
ENDSUB 
LOADTL / 2
$$-> CUTTER / 0.625000
$$-> CSYS / 1.0000000000, 0.0000000000, 0.0000000000, 0.0000000000,  $
            0.0000000000, 1.0000000000, 0.0000000000, 0.0000000000,  $
            0.0000000000, 0.0000000000, 1.0000000000, 0.0000000000
SPINDL / RPM, 453.000000,  CLW
MULTAX / ON
RAPID 
GOTO / 6.0870931362, -0.4351497532, 3.9802296039,  $
0.0000000000, -0.1526954536, 0.9882732914
CALSUB / 1
$$-> END / 
$$-> FEATNO / 35
ROTATE / AAXIS,  INCR,  -36.000000,  CCLW
$$-> CSYS / 1.0000000000, 0.0000000000, 0.0000000000, 0.0000000000,  $
            0.0000000000, 0.8090169944, -0.5877852523, 0.0000000000,  $
            0.0000000000, 0.5877852523, 0.8090169944, 0.0000000000
RAPID 
GOTO / 6.0870931362, -0.4351497532, 3.9802296039,  $
0.0000000000, -0.1526954536, 0.9882732914
CALSUB / 1
$$-> END / 
$$-> FEATNO / 35
ROTATE / AAXIS,  INCR,  -36.000000,  CCLW
$$-> CSYS / 1.0000000000, 0.0000000000, 0.0000000000, 0.0000000000,  $
            0.0000000000, 0.3090169944, -0.9510565163, 0.0000000000,  $
            0.0000000000, 0.9510565163, 0.3090169944, 0.0000000000
RAPID 
GOTO / 6.0870931362, -0.4351497532, 3.9802296039,  $
0.0000000000, -0.1526954536, 0.9882732914
CALSUB / 1
$$-> END / 
$$-> FEATNO / 35
ROTATE / AAXIS,  INCR,  -36.000000,  CCLW
$$-> CSYS / 1.0000000000, 0.0000000000, 0.0000000000, 0.0000000000,  $
            0.0000000000, -0.3090169944, -0.9510565163, 0.0000000000,  $
            0.0000000000, 0.9510565163, -0.3090169944, 0.0000000000
RAPID 
GOTO / 6.0870931362, -0.4351497532, 3.9802296039,  $
0.0000000000, -0.1526954536, 0.9882732914
CALSUB / 1
$$-> END / 
$$-> FEATNO / 35
ROTATE / AAXIS,  INCR,  -36.000000,  CCLW
$$-> CSYS / 1.0000000000, 0.0000000000, 0.0000000000, 0.0000000000,  $
            0.0000000000, -0.8090169944, -0.5877852523, 0.0000000000,  $
            0.0000000000, 0.5877852523, -0.8090169944, 0.0000000000
RAPID 
GOTO / 6.0870931362, -0.4351497532, 3.9802296039,  $
0.0000000000, -0.1526954536, 0.9882732914
CALSUB / 1
$$-> END / 
$$-> FEATNO / 35
ROTATE / AAXIS,  INCR,  -36.000000,  CCLW
$$-> CSYS / 1.0000000000, 0.0000000000, 0.0000000000, 0.0000000000,  $
            0.0000000000, -1.0000000000, 0.0000000000, 0.0000000000,  $
            0.0000000000, 0.0000000000, -1.0000000000, 0.0000000000
RAPID 
GOTO / 6.0870931362, -0.4351497532, 3.9802296039,  $
0.0000000000, -0.1526954536, 0.9882732914
CALSUB / 1
$$-> END / 
$$-> FEATNO / 35
ROTATE / AAXIS,  INCR,  -36.000000,  CCLW
$$-> CSYS / 1.0000000000, 0.0000000000, 0.0000000000, 0.0000000000,  $
            0.0000000000, -0.8090169944, 0.5877852523, 0.0000000000,  $
            0.0000000000, -0.5877852523, -0.8090169944, 0.0000000000
RAPID 
GOTO / 6.0870931362, -0.4351497532, 3.9802296039,  $
0.0000000000, -0.1526954536, 0.9882732914
CALSUB / 1
$$-> END / 
$$-> FEATNO / 35
ROTATE / AAXIS,  INCR,  -36.000000,  CCLW
$$-> CSYS / 1.0000000000, 0.0000000000, 0.0000000000, 0.0000000000,  $
            0.0000000000, -0.3090169944, 0.9510565163, 0.0000000000,  $
            0.0000000000, -0.9510565163, -0.3090169944, 0.0000000000
RAPID 
GOTO / 6.0870931362, -0.4351497532, 3.9802296039,  $
0.0000000000, -0.1526954536, 0.9882732914
CALSUB / 1
$$-> END / 
$$-> FEATNO / 35
ROTATE / AAXIS,  INCR,  -36.000000,  CCLW
$$-> CSYS / 1.0000000000, 0.0000000000, 0.0000000000, 0.0000000000,  $
            0.0000000000, 0.3090169944, 0.9510565163, 0.0000000000,  $
            0.0000000000, -0.9510565163, 0.3090169944, 0.0000000000
RAPID 
GOTO / 6.0870931362, -0.4351497532, 3.9802296039,  $
0.0000000000, -0.1526954536, 0.9882732914
CALSUB / 1
$$-> END / 
$$-> FEATNO / 35
ROTATE / AAXIS,  INCR,  -36.000000,  CCLW
$$-> CSYS / 1.0000000000, 0.0000000000, 0.0000000000, 0.0000000000,  $
            0.0000000000, 0.8090169944, 0.5877852523, 0.0000000000,  $
            0.0000000000, -0.5877852523, 0.8090169944, 0.0000000000
RAPID 
GOTO / 6.0870931362, -0.4351497532, 3.9802296039,  $
0.0000000000, -0.1526954536, 0.9882732914
CALSUB / 1
ROTATE / AAXIS,  INCR,  -36.000000,  CCLW
SPINDL / OFF
$$-> END / 
FINI 
