$$*          Pro/CLfile  Version 19.0 - 9733
$$-> MFGNO / DOWNHOLE
PARTNO / DOWNHOLE_WP
$$-> FEATNO / 35
MACHIN / MILL, 01
UNITS / INCHES
DEFSUB / 1
FEDRAT / 10.000000,  IPM
GOTO / 6.6241820653, -0.2570973053, 3.9956837790,  $
0.0000000000, -0.1084410189, 0.9941028847
GOTO / 7.1619538629, -0.0783031360, 4.0031791295,  $
0.0000000000, -0.0639136520, 0.9979554324
GOTO / 7.6991020720, 0.1004404386, 4.0026859206,  $
0.0000000000, -0.0193105997, 0.9998135330
GOTO / 8.2367661905, 0.2791531428, 3.9942038747,  $
0.0000000000, 0.0253733097, 0.9996780458
GOTO / 8.7740661190, 0.4571852907, 3.9777594128,  $
0.0000000000, 0.0699761834, 0.9975486624
GOTO / 9.3116127736, 0.6343883093, 3.9533696002,  $
0.0000000000, 0.1144603607, 0.9934278161
GOTO / 9.8490875180, 0.8103048910, 3.9210943226,  $
0.0000000000, 0.1587106718, 0.9873251352
GOTO / 10.3863519804, 0.9845381543, 3.8810142378,  $
0.0000000000, 0.2026271225, 0.9792559672
GOTO / 10.9238493759, 1.1568802175, 3.8331727435,  $
0.0000000000, 0.2461578805, 0.9692297446
GOTO / 11.4612959000, 1.3268952558, 3.7776897567,  $
0.0000000000, 0.2891931841, 0.9572707570
GOTO / 11.9986612934, 1.4942386792, 3.7146773200,  $
0.0000000000, 0.3316455333, 0.9434040705
GOTO / 12.5361257230, 1.6586349482, 3.6442428898,  $
0.0000000000, 0.3734443951, 0.9276525663
GOTO / 13.0733396883, 1.8196487371, 3.5665764496,  $
0.0000000000, 0.4144790472, 0.9100588549
GOTO / 13.6107317245, 1.9770836288, 3.4817702004,  $
0.0000000000, 0.4547002307, 0.8906445420
GOTO / 14.1482116600, 2.1305981434, 3.3900060926,  $
0.0000000000, 0.4940206766, 0.8694501544
GOTO / 14.6855222283, 2.2798154611, 3.2915066994,  $
0.0000000000, 0.5323438710, 0.8465282057
GOTO / 15.2230222483, 2.4245402798, 3.1864059667,  $
0.0000000000, 0.5696187578, 0.8219090405
GOTO / 15.7604253395, 2.5644028115, 3.0749677060,  $
0.0000000000, 0.6057503933, 0.7956547373
GOTO / 16.2978282869, 2.6991471354, 2.9573962751,  $
0.0000000000, 0.6406733187, 0.7678135833
GOTO / 16.8354395772, 2.8285547105, 2.8338779317,  $
0.0000000000, 0.6743310070, 0.7384292065
GOTO / 17.3725806437, 2.9522107241, 2.7048153431,  $
0.0000000000, 0.7066152235, 0.7075979974
GOTO / 17.9099322517, 3.0700317880, 2.5703085919,  $
0.0000000000, 0.7375032763, 0.6753435551
GOTO / 18.4474893883, 3.1817708414, 2.4306209581,  $
0.0000000000, 0.7669312048, 0.6417293254
GOTO / 18.9847384666, 3.2870997167, 2.2861694102,  $
0.0000000000, 0.7948125308, 0.6068550411
GOTO / 19.5222504389, 3.3859184868, 2.1370860946,  $
0.0000000000, 0.8211217474, 0.5707530779
GOTO / 20.0595371061, 3.4779455327, 1.9838018310,  $
0.0000000000, 0.8457826709, 0.5335275752
GOTO / 20.5973211509, 3.5631166712, 1.8264133603,  $
0.0000000000, 0.8687778434, 0.4952020383
GOTO / 21.1344805948, 3.6410827327, 1.6655642858,  $
0.0000000000, 0.8900138229, 0.4559335424
GOTO / 21.1848835823, 3.6480278010, 1.6502958391,  $
0.0000000000, 0.8919160415, 0.4522010338
GOTO / 21.2043347121, 3.6508913005, 1.6481119991,  $
-0.0198021939, 0.8931582604, 0.4493063487
GOTO / 21.2228430092, 3.6513583510, 1.6513296223,  $
-0.0330070094, 0.8987855820, 0.4371441581
GOTO / 21.2340943453, 3.6500386357, 1.6558539124,  $
-0.0322584062, 0.9028368061, 0.4287716138
GOTO / 21.2446025221, 3.6459339941, 1.6616757254,  $
-0.0239550478, 0.9051916344, 0.4243280107
GOTO / 21.2512944242, 3.6416598494, 1.6667465978,  $
-0.0165529351, 0.9057297367, 0.4235323416
GOTO / 21.2574591164, 3.6355492676, 1.6728174832,  $
-0.0031272632, 0.9015894450, 0.4325814292
GOTO / 21.2580257336, 3.6348302200, 1.6734778727,  $
-0.0020009411, 0.9011030939, 0.4336002887
GOTO / 21.2582435811, 3.6345400289, 1.6737357158,  $
-0.0015698976, 0.9009076204, 0.4340080585
GOTO / 21.2586084764, 3.6340377248, 1.6741737356,  $
-0.0008506802, 0.9005690563, 0.4347121474
GOTO / 21.2590531921, 3.6334188000, 1.6747293579,  $
0.0000206199, 0.9001365783, 0.4356077822
GOTO / 21.2591507296, 3.6333281967, 1.6748769253,  $
0.0002108380, 0.9000386880, 0.4358099537
GOTO / 21.2640584678, 3.6320804323, 1.6865537154,  $
0.0088525915, 0.8931897596, 0.4495927991
GOTO / 21.3349402568, 3.5362907224, 1.8771074466,  $
0.0088508292, 0.8931921614, 0.4495880622
GOTO / 21.3424872552, 3.5260271281, 1.8973659024,  $
0.0088493938, 0.8931941148, 0.4495842097
GOTO / 21.3424740630, 3.5260251208, 1.8973701501,  $
0.0082827377, 0.8939129263, 0.4481641177
GOTO / 21.3448718300, 3.5218677961, 1.9049887561,  $
0.0107404110, 0.8888971412, 0.4579809122
GOTO / 21.3454737836, 3.5094485216, 1.9220655265,  $
0.0041945832, 0.8775320523, 0.4794996378
GOTO / 21.3444358185, 3.5056140837, 1.9263537703,  $
-0.0000340708, 0.8752943894, 0.4835904577
GOTO / 21.3029068638, 3.4870495267, 1.9677572528,  $
0.0000000000, 0.8918582910, 0.4523149220
GOTO / 20.7658179347, 3.3957644440, 2.1214079586,  $
0.0000000000, 0.8707849668, 0.4916640536
GOTO / 20.2280461371, 3.2975815761, 2.2710196550,  $
0.0000000000, 0.8479464503, 0.5300818969
GOTO / 19.6908979279, 3.1929388417, 2.4159313760,  $
0.0000000000, 0.8234436387, 0.5673980736
GOTO / 19.1532338094, 3.0818245126, 2.5561589824,  $
0.0000000000, 0.7972742141, 0.6036172857
GOTO / 18.6159338810, 2.9646389438, 2.6911901213,  $
0.0000000000, 0.7695323407, 0.6386078426
GOTO / 18.0783872264, 2.8414826449, 2.8209140543,  $
0.0000000000, 0.7402419587, 0.6723405704
GOTO / 17.5409124820, 2.7126709618, 2.9449942201,  $
0.0000000000, 0.7094780556, 0.7047275280
GOTO / 17.0036480196, 2.5785008742, 3.0631552578,  $
0.0000000000, 0.6773114147, 0.7356964371
GOTO / 16.4661506242, 2.4391288708, 3.1752536074,  $
0.0000000000, 0.6437799268, 0.7652106938
GOTO / 15.9287041000, 2.2949065342, 3.2810051687,  $
0.0000000000, 0.6089673352, 0.7931953004
GOTO / 15.3913387066, 2.1461258432, 3.3801953623,  $
0.0000000000, 0.5729450315, 0.8195937962
GOTO / 14.8538742770, 1.9930347809, 3.4726630262,  $
0.0000000000, 0.5357727372, 0.8443622292
GOTO / 14.3166603116, 1.8360415563, 3.5581653279,  $
0.0000000000, 0.4975496388, 0.8674355059
GOTO / 13.7792682755, 1.6753356166, 3.6365964823,  $
0.0000000000, 0.4583220147, 0.8887862121
GOTO / 13.2417883399, 1.5112639150, 3.7077852063,  $
0.0000000000, 0.4181736809, 0.9083670913
GOTO / 12.7044777716, 1.3442270140, 3.7715551996,  $
0.0000000000, 0.3772035823, 0.9261303674
GOTO / 12.1669777517, 1.1744476212, 3.8278259285,  $
0.0000000000, 0.3354661444, 0.9420522629
GOTO / 11.6295746605, 1.0023556973, 3.8764508546,  $
0.0000000000, 0.2930671661, 0.9560918555
GOTO / 11.0921717131, 0.8282665003, 3.9173412656,  $
0.0000000000, 0.2500840478, 0.9682241316
GOTO / 10.5545604228, 0.6524587854, 3.9504282572,  $
0.0000000000, 0.2065851964, 0.9784286160
GOTO / 10.0174193563, 0.4755015686, 3.9756096964,  $
0.0000000000, 0.1627120347, 0.9866736004
GOTO / 9.4800677483, 0.2975247817, 3.9928762116,  $
0.0000000000, 0.1184969667, 0.9929544143
GOTO / 8.9425106117, 0.1188863801, 4.0021806504,  $
0.0000000000, 0.0740288332, 0.9972561014
GOTO / 8.4052615334, -0.0598835336, 4.0034996044,  $
0.0000000000, 0.0294390838, 0.9995665762
GOTO / 7.8677495611, -0.2386193355, 3.9968289665,  $
0.0000000000, -0.0152311061, 0.9998840000
GOTO / 7.3304628939, -0.4168068182, 3.9821912196,  $
0.0000000000, -0.0598527108, 0.9982072195
GOTO / 6.7926788492, -0.5943299647, 3.9595906440,  $
0.0000000000, -0.1043964549, 0.9945357612
GOTO / 6.2555194052, -0.7704623210, 3.9291189431,  $
0.0000000000, -0.1486802460, 0.9888853242
GOTO / 6.2051164177, -0.7869157071, 3.9258561950,  $
0.0000000000, -0.1528216484, 0.9882537851
GOTO / 6.1856652897, -0.7903596873, 3.9269087095,  $
0.0198021923, -0.1558975504, 0.9875747197
GOTO / 6.1671569917, -0.7880182859, 3.9291646071,  $
0.0330070091, -0.1690591199, 0.9850530703
GOTO / 6.1559056658, -0.7835734106, 3.9307310943,  $
0.0322584045, -0.1782230529, 0.9834612035
GOTO / 6.1453974974, -0.7764503683, 3.9307919999,  $
0.0239550818, -0.1832060783, 0.9827826245
GOTO / 6.1387055220, -0.7698383978, 3.9302772611,  $
0.0165528489, -0.1841662124, 0.9827557221
GOTO / 6.1325408285, -0.7613431358, 3.9288539249,  $
0.0031271540, -0.1744006670, 0.9846698067
GOTO / 6.1319741653, -0.7603872521, 3.9286549327,  $
0.0020007413, -0.1732892772, 0.9848689372
GOTO / 6.1317562078, -0.7600083644, 3.9285695268,  $
0.0015694812, -0.1728438013, 0.9849479972
GOTO / 6.1313911272, -0.7593592613, 3.9284168540,  $
0.0008499014, -0.1720739819, 0.9850836626
GOTO / 6.1309464792, -0.7585470676, 3.9282381847,  $
-0.0000212609, -0.1710943202, 0.9852546540
GOTO / 6.1308949443, -0.7584532646, 3.9282291855,  $
-0.0001218131, -0.1709776662, 0.9852748971
GOTO / 6.1308492701, -0.7583749587, 3.9282507459,  $
-0.0002108380, -0.1708737417, 0.9852929107
GOTO / 6.1259415322, -0.7481618257, 3.9340469727,  $
-0.0088525907, -0.1556832281, 0.9877673634
GOTO / 6.0550597319, -0.5375047189, 3.9673634976,  $
-0.0088508292, -0.1556884770, 0.9877665518
GOTO / 6.0470954827, -0.5138216574, 3.9710327892,  $
-0.0088492975, -0.1556930319, 0.9877658476
GOTO / 6.0451281698, -0.5064444793, 3.9719074668,  $
-0.0107404117, -0.1463658567, 0.9891722194
GOTO / 6.0445262165, -0.4853296103, 3.9717779372,  $
-0.0041945831, -0.1222574340, 0.9924895593
GOTO / 6.0455641816, -0.4796099085, 3.9711639714,  $
0.0000340708, -0.1176293345, 0.9930575706
GOTO / 6.0870931362, -0.4351497532, 3.9802296039,  $
0.0000000000, -0.1526954536, 0.9882732914
ENDSUB 
LOADTL / 2
$$-> CUTTER / 0.625000
$$-> CSYS / 1.0000000000, 0.0000000000, 0.0000000000, 0.0000000000,  $
            0.0000000000, 1.0000000000, 0.0000000000, 0.0000000000,  $
            0.0000000000, 0.0000000000, 1.0000000000, 0.0000000000
SPINDL / RPM, 453.000000,  CLW
MULTAX / ON
RAPID 
GOTO / 6.0870931362, -0.4351497532, 3.9802296039,  $
0.0000000000, -0.1526954536, 0.9882732914
CALSUB / 1
$$-> END / 
$$-> FEATNO / 35
ROTATE / AAXIS,  INCR,  -36.000000,  CCLW
$$-> CSYS / 1.0000000000, 0.0000000000, 0.0000000000, 0.0000000000,  $
            0.0000000000, 0.8090169944, -0.5877852523, 0.0000000000,  $
            0.0000000000, 0.5877852523, 0.8090169944, 0.0000000000
RAPID 
GOTO / 6.0870931362, -0.4351497532, 3.9802296039,  $
0.0000000000, -0.1526954536, 0.9882732914
CALSUB / 1
$$-> END / 
$$-> FEATNO / 35
ROTATE / AAXIS,  INCR,  -36.000000,  CCLW
$$-> CSYS / 1.0000000000, 0.0000000000, 0.0000000000, 0.0000000000,  $
            0.0000000000, 0.3090169944, -0.9510565163, 0.0000000000,  $
            0.0000000000, 0.9510565163, 0.3090169944, 0.0000000000
RAPID 
GOTO / 6.0870931362, -0.4351497532, 3.9802296039,  $
0.0000000000, -0.1526954536, 0.9882732914
CALSUB / 1
$$-> END / 
$$-> FEATNO / 35
ROTATE / AAXIS,  INCR,  -36.000000,  CCLW
$$-> CSYS / 1.0000000000, 0.0000000000, 0.0000000000, 0.0000000000,  $
            0.0000000000, -0.3090169944, -0.9510565163, 0.0000000000,  $
            0.0000000000, 0.9510565163, -0.3090169944, 0.0000000000
RAPID 
GOTO / 6.0870931362, -0.4351497532, 3.9802296039,  $
0.0000000000, -0.1526954536, 0.9882732914
CALSUB / 1
$$-> END / 
$$-> FEATNO / 35
ROTATE / AAXIS,  INCR,  -36.000000,  CCLW
$$-> CSYS / 1.0000000000, 0.0000000000, 0.0000000000, 0.0000000000,  $
            0.0000000000, -0.8090169944, -0.5877852523, 0.0000000000,  $
            0.0000000000, 0.5877852523, -0.8090169944, 0.0000000000
RAPID 
GOTO / 6.0870931362, -0.4351497532, 3.9802296039,  $
0.0000000000, -0.1526954536, 0.9882732914
CALSUB / 1
$$-> END / 
$$-> FEATNO / 35
ROTATE / AAXIS,  INCR,  -36.000000,  CCLW
$$-> CSYS / 1.0000000000, 0.0000000000, 0.0000000000, 0.0000000000,  $
            0.0000000000, -1.0000000000, 0.0000000000, 0.0000000000,  $
            0.0000000000, 0.0000000000, -1.0000000000, 0.0000000000
RAPID 
GOTO / 6.0870931362, -0.4351497532, 3.9802296039,  $
0.0000000000, -0.1526954536, 0.9882732914
CALSUB / 1
$$-> END / 
$$-> FEATNO / 35
ROTATE / AAXIS,  INCR,  -36.000000,  CCLW
$$-> CSYS / 1.0000000000, 0.0000000000, 0.0000000000, 0.0000000000,  $
            0.0000000000, -0.8090169944, 0.5877852523, 0.0000000000,  $
            0.0000000000, -0.5877852523, -0.8090169944, 0.0000000000
RAPID 
GOTO / 6.0870931362, -0.4351497532, 3.9802296039,  $
0.0000000000, -0.1526954536, 0.9882732914
CALSUB / 1
$$-> END / 
$$-> FEATNO / 35
ROTATE / AAXIS,  INCR,  -36.000000,  CCLW
$$-> CSYS / 1.0000000000, 0.0000000000, 0.0000000000, 0.0000000000,  $
            0.0000000000, -0.3090169944, 0.9510565163, 0.0000000000,  $
            0.0000000000, -0.9510565163, -0.3090169944, 0.0000000000
RAPID 
GOTO / 6.0870931362, -0.4351497532, 3.9802296039,  $
0.0000000000, -0.1526954536, 0.9882732914
CALSUB / 1
$$-> END / 
$$-> FEATNO / 35
ROTATE / AAXIS,  INCR,  -36.000000,  CCLW
$$-> CSYS / 1.0000000000, 0.0000000000, 0.0000000000, 0.0000000000,  $
            0.0000000000, 0.3090169944, 0.9510565163, 0.0000000000,  $
            0.0000000000, -0.9510565163, 0.3090169944, 0.0000000000
RAPID 
GOTO / 6.0870931362, -0.4351497532, 3.9802296039,  $
0.0000000000, -0.1526954536, 0.9882732914
CALSUB / 1
$$-> END / 
$$-> FEATNO / 35
ROTATE / AAXIS,  INCR,  -36.000000,  CCLW
$$-> CSYS / 1.0000000000, 0.0000000000, 0.0000000000, 0.0000000000,  $
            0.0000000000, 0.8090169944, 0.5877852523, 0.0000000000,  $
            0.0000000000, -0.5877852523, 0.8090169944, 0.0000000000
RAPID 
GOTO / 6.0870931362, -0.4351497532, 3.9802296039,  $
0.0000000000, -0.1526954536, 0.9882732914
CALSUB / 1
ROTATE / AAXIS,  INCR,  -36.000000,  CCLW
SPINDL / OFF
$$-> END / 
FINI 
