$$*          Pro/CLfile  Version 20.0 - 9807
$$-> MFGNO / MILL_TOOTH_CONE_SIMP_REP
PARTNO / SIMP_REP_WP#SC8419
$$-> FEATNO / 1784
MACHIN / MILL, 01
UNITS / INCHES
DEFSUB / 6
RAPID 
GOTO / 0.9123319757, 0.0018573451, 0.6037176350
FEDRAT / 10.000000,  IPM
GOTO / 0.9123319757, 0.0018573451, -0.0750000000
GOTO / 0.0250000000, 0.0018573451, -0.0750000000
GOTO / 0.0250000000, -0.0018573451, -0.0750000000
GOTO / 0.9123319757, -0.0018573451, -0.0750000000
GOTO / 0.9123319757, 0.1418573451, -0.0750000000
GOTO / -0.1150000000, 0.1418573451, -0.0750000000
GOTO / -0.1150000000, -0.1418573451, -0.0750000000
GOTO / 1.0523319757, -0.1418573451, -0.0750000000
GOTO / 1.0523319757, 0.1418573451, -0.0750000000
GOTO / 0.9123319757, 0.1418573451, -0.0750000000
GOTO / 0.9823319757, 0.0368842707, -0.0750000000
GOTO / 0.9823319757, 0.0368842707, -0.1500000000
GOTO / -0.0450000000, 0.0368842707, -0.1500000000
GOTO / -0.0450000000, -0.0368842707, -0.1500000000
GOTO / 0.9823319757, -0.0368842707, -0.1500000000
GOTO / 0.9823319757, 0.1068842707, -0.1500000000
GOTO / -0.1150000000, 0.1068842707, -0.1500000000
GOTO / -0.1150000000, -0.1068842707, -0.1500000000
GOTO / 1.0523319757, -0.1068842707, -0.1500000000
GOTO / 1.0523319757, 0.1068842707, -0.1500000000
GOTO / 0.9823319757, 0.1068842707, -0.1500000000
GOTO / 0.9823319757, 0.0019111964, -0.1500000000
GOTO / 0.9823319757, 0.0019111964, -0.2250000000
GOTO / -0.0450000000, 0.0019111964, -0.2250000000
GOTO / -0.0450000000, -0.0019111964, -0.2250000000
GOTO / 0.9823319757, -0.0019111964, -0.2250000000
GOTO / 0.9823319757, 0.0719111964, -0.2250000000
GOTO / -0.1150000000, 0.0719111964, -0.2250000000
GOTO / -0.1150000000, -0.0719111964, -0.2250000000
GOTO / 1.0523319757, -0.0719111964, -0.2250000000
GOTO / 1.0523319757, 0.0719111964, -0.2250000000
GOTO / 0.9823319757, 0.0719111964, -0.2250000000
GOTO / 1.0523319757, 0.0369381220, -0.2250000000
GOTO / 1.0523319757, 0.0369381220, -0.3000000000
GOTO / -0.1150000000, 0.0369381220, -0.3000000000
GOTO / -0.1150000000, -0.0369381220, -0.3000000000
GOTO / 1.0523319757, -0.0369381220, -0.3000000000
GOTO / 1.0523319757, 0.0369381220, -0.3000000000
GOTO / 1.0523319757, 0.0019650476, -0.3000000000
GOTO / 1.0523319757, 0.0019650476, -0.3750000000
GOTO / -0.1150000000, 0.0019650476, -0.3750000000
GOTO / -0.1150000000, -0.0019650476, -0.3750000000
GOTO / 1.0523319757, -0.0019650476, -0.3750000000
GOTO / 1.0523319757, 0.0019650476, -0.3750000000
GOTO / 1.0523319757, 0.0019650476, 1.5000000000
ENDSUB 
DEFSUB / 7
RAPID 
GOTO / -0.2500000000, -1.9240168382, 1.5417629166,  $
-0.0000000000, -0.7803641487, 0.6253253517
FEDRAT / 10.000000,  IPM
GOTO / -0.2500000000, -1.7289258011, 1.3854315787,  $
-0.0000000000, -0.7803641487, 0.6253253517
GOTO / 1.1873319757, -1.7289258011, 1.3854315787,  $
0.0000000000, -0.7803641487, 0.6253253517
GOTO / 1.1873319757, -1.6826845229, 1.3682413446,  $
0.0000000000, -0.7758747016, 0.6308870323
GOTO / -0.2500000000, -1.6826846430, 1.3682413893,  $
-0.0000000000, -0.7758747135, 0.6308870176
GOTO / -0.2500000000, -1.6364551700, 1.3510409233,  $
-0.0000000000, -0.7711499105, 0.6366536072
GOTO / 1.1873319757, -1.6364552414, 1.3510409498,  $
0.0000000000, -0.7711499180, 0.6366535982
GOTO / 1.1873319757, -1.5902385878, 1.3338297947,  $
0.0000000000, -0.7661722564, 0.6426352569
GOTO / -0.2500000000, -1.5902383135, 1.3338296925,  $
-0.0000000000, -0.7661722261, 0.6426352931
GOTO / -0.2500000000, -1.5440351213, 1.3166071943,  $
-0.0000000000, -0.7609224993, 0.6488427776
GOTO / 1.1873319757, -1.5440355150, 1.3166073411,  $
0.0000000000, -0.7609225452, 0.6488427237
GOTO / 1.1873319757, -1.4978472009, 1.2993730738,  $
0.0000000000, -0.7553797918, 0.6552872425
GOTO / -0.2500000000, -1.4978466328, 1.2993728618,  $
-0.0000000000, -0.7553797217, 0.6552873233
GOTO / -0.2500000000, -1.4516740714, 1.2821261305,  $
-0.0000000000, -0.7495208513, 0.6619807350
GOTO / 1.1873319757, -1.4516747081, 1.2821263684,  $
0.0000000000, -0.7495209344, 0.6619806409
GOTO / 1.1873319757, -1.4055195458, 1.2648666972,  $
0.0000000000, -0.7433206776, 0.6689352512
GOTO / -0.2500000000, -1.4055187177, 1.2648663874,  $
-0.0000000000, -0.7433205631, 0.6689353784
GOTO / -0.2500000000, -1.3593819633, 1.2475929863,  $
-0.0000000000, -0.7367509911, 0.6761641643
GOTO / 1.1873319757, -1.3593824648, 1.2475931742,  $
0.0000000000, -0.7367510646, 0.6761640842
GOTO / 1.1873319757, -1.3132652132, 1.2303052071,  $
0.0000000000, -0.7297814152, 0.6836805438
GOTO / -0.2500000000, -1.3132653869, 1.2303052723,  $
-0.0000000000, -0.7297814422, 0.6836805150
GOTO / -0.2500000000, -1.2985361824, 1.2247789119,  $
-0.0000000000, -0.7274650176, 0.6861447720
GOTO / -0.2500000000, -1.2672132748, 1.2130185493,  $
0.0000000000, -0.7223851062, 0.6914909676
GOTO / 1.1873319757, -1.2672117665, 1.2130179827,  $
0.0000000000, -0.7223848564, 0.6914912286
GOTO / 1.1873319757, -1.2629285010, 1.2114089323,  $
0.0000000000, -0.7216734292, 0.6922336756
GOTO / -0.2500000000, -1.2629285010, 1.2114089323,  $
-0.0000000000, -0.7216734292, 0.6922336756
GOTO / -0.2500000000, -1.2374373802, 1.2374363539,  $
0.0000000000, -0.7071070744, 0.7071064880
GOTO / 1.1873319757, -1.2374376213, 1.2374361129,  $
0.0000000000, -0.7071072122, 0.7071063502
GOTO / 1.1873319757, -1.2114089323, 1.2629285010,  $
0.0000000000, -0.6922336756, 0.7216734292
GOTO / -0.2500000000, -1.2114089323, 1.2629285010,  $
0.0000000000, -0.6922336756, 0.7216734292
GOTO / -0.2500000000, -1.2130257328, 1.2672323984,  $
0.0000000000, -0.6914876590, 0.7223882733
GOTO / 1.1873319757, -1.2130251415, 1.2672308242,  $
0.0000000000, -0.6914879314, 0.7223880126
GOTO / 1.1873319757, -1.2247789119, 1.2985361824,  $
0.0000000000, -0.6861447720, 0.7274650176
GOTO / 1.1873319757, -1.2303075223, 1.3132713851,  $
0.0000000000, -0.6836795178, 0.7297823764
GOTO / -0.2500000000, -1.2303077846, 1.3132720844,  $
0.0000000000, -0.6836794016, 0.7297824853
GOTO / -0.2500000000, -1.2475951903, 1.3593878464,  $
0.0000000000, -0.6761632243, 0.7367518538
GOTO / 1.1873319757, -1.2475951910, 1.3593878482,  $
0.0000000000, -0.6761632240, 0.7367518541
GOTO / 1.1873319757, -1.2648684574, 1.4055242499,  $
0.0000000000, -0.6689345285, 0.7433213280
GOTO / -0.2500000000, -1.2648683661, 1.4055240059,  $
0.0000000000, -0.6689345660, 0.7433212942
GOTO / -0.2500000000, -1.2821278200, 1.4516785922,  $
0.0000000000, -0.6619800669, 0.7495214413
GOTO / 1.1873319757, -1.2821280798, 1.4516792873,  $
0.0000000000, -0.6619799642, 0.7495215320
GOTO / 1.1873319757, -1.2993746554, 1.4978514374,  $
0.0000000000, -0.6552866401, 0.7553803144
GOTO / -0.2500000000, -1.2993742357, 1.4978503132,  $
0.0000000000, -0.6552867999, 0.7553801757
GOTO / -0.2500000000, -1.3166082625, 1.5440379856,  $
0.0000000000, -0.6488423855, 0.7609228336
GOTO / 1.1873319757, -1.3166087033, 1.5440391674,  $
0.0000000000, -0.6488422237, 0.7609229716
GOTO / 1.1873319757, -1.3338308743, 1.5902414856,  $
0.0000000000, -0.6426348749, 0.7661725769
GOTO / -0.2500000000, -1.3338305271, 1.5902405536,  $
0.0000000000, -0.6426349977, 0.7661724738
GOTO / -0.2500000000, -1.3510414334, 1.6364565405,  $
0.0000000000, -0.6366534331, 0.7711500542
GOTO / 1.1873319757, -1.3510417314, 1.6364573410,  $
0.0000000000, -0.6366533314, 0.7711501382
GOTO / 1.1873319757, -1.3682417809, 1.6826856960,  $
0.0000000000, -0.6308868886, 0.7758748184
GOTO / -0.2500000000, -1.3682416402, 1.6826853178,  $
0.0000000000, -0.6308869349, 0.7758747807
GOTO / -0.2500000000, -1.3854315787, 1.7289258011,  $
0.0000000000, -0.6253253517, 0.7803641487
GOTO / 1.1873319757, -1.3854315787, 1.7289258011,  $
0.0000000000, -0.6253253517, 0.7803641487
GOTO / 1.1873319757, -2.4665052776, 2.8099995000,  $
0.0000000000, -0.6253253517, 0.7803641487
ENDSUB 
DEFSUB / 8
RAPID 
GOTO / -0.5843676560, 0.0690436456, 1.0128224401,  $
0.0000000000, 0.0000000000, 1.0000000000
FEDRAT / 10.000000,  IPM
GOTO / -0.5843676560, 0.0690436456, -0.0492582135,  $
0.0000000000, 0.0000000000, 1.0000000000
GOTO / -0.5950505411, 0.0609440631, -0.0492582135,  $
0.0000000000, 0.0000000000, 1.0000000000
GOTO / -0.5950538119, -0.0609415833, -0.0492582135,  $
0.0000000000, 0.0000000000, 1.0000000000
GOTO / -0.5843676560, -0.0690436456, -0.0492582135,  $
0.0000000000, 0.0000000000, 1.0000000000
GOTO / -0.1255450708, -0.0290557848, -0.0492582135,  $
0.0000000000, 0.0000000000, 1.0000000000
GOTO / -0.1017381469, -0.0038292390, -0.0492582135,  $
0.0000000000, 0.0000000000, 1.0000000000
GOTO / -0.1017481261, 0.0038398133, -0.0492582135,  $
0.0000000000, 0.0000000000, 1.0000000000
GOTO / -0.1255450708, 0.0290557848, -0.0492582135,  $
0.0000000000, 0.0000000000, 1.0000000000
GOTO / -0.5843676560, 0.0690436456, -0.0492582135,  $
0.0000000000, 0.0000000000, 1.0000000000
GOTO / -0.6689507711, 0.1806039281, -0.0492582135,  $
0.0000000000, 0.0000000000, 1.0000000000
GOTO / -0.7327465310, 0.1322350643, -0.0492582135,  $
0.0000000000, 0.0000000000, 1.0000000000
CIRCLE / 2.2168620159, -0.0000742163, -0.0492582135,  $
0.0000000000, 0.0000000000, 1.0000000000,  2.9525745250
GOTO / -0.7327534195, -0.1322298416, -0.0492582135,  $
0.0000000000, 0.0000000000, 1.0000000000
GOTO / -0.6259594774, -0.2131991982, -0.0492582135,  $
0.0000000000, 0.0000000000, 1.0000000000
GOTO / -0.0603016287, -0.1639003014, -0.0492582135,  $
0.0000000000, 0.0000000000, 1.0000000000
GOTO / 0.0383342599, -0.0593826923, -0.0492582135,  $
0.0000000000, 0.0000000000, 1.0000000000
GOTO / 0.0381795045, 0.0595466758, -0.0492582135,  $
0.0000000000, 0.0000000000, 1.0000000000
GOTO / -0.0603016287, 0.1639003014, -0.0492582135,  $
0.0000000000, 0.0000000000, 1.0000000000
GOTO / -0.6259594774, 0.2131991982, -0.0492582135,  $
0.0000000000, 0.0000000000, 1.0000000000
GOTO / -0.6689507711, 0.1806039281, -0.0492582135,  $
0.0000000000, 0.0000000000, 1.0000000000
GOTO / -0.5953585587, 0.0445452682, -0.0492582135,  $
0.0000000000, 0.0000000000, 1.0000000000
GOTO / -0.5953585587, 0.0445452682, -0.1242582135,  $
0.0000000000, 0.0000000000, 1.0000000000
GOTO / -0.5953609067, -0.0445454729, -0.1242582135,  $
0.0000000000, 0.0000000000, 1.0000000000
GOTO / -0.1017411453, -0.0015249266, -0.1242582135,  $
0.0000000000, 0.0000000000, 1.0000000000
GOTO / -0.1017451144, 0.0015252725, -0.1242582135,  $
0.0000000000, 0.0000000000, 1.0000000000
GOTO / -0.5953585587, 0.0445452682, -0.1242582135,  $
0.0000000000, 0.0000000000, 1.0000000000
GOTO / -0.7353409404, 0.0467662682, -0.1242582135,  $
0.0000000000, 0.0000000000, 1.0000000000
CIRCLE / 2.2168620159, -0.0000742163, -0.1242582135,  $
0.0000000000, 0.0000000000, 1.0000000000,  2.9525745250
GOTO / -0.7327534195, -0.1322298416, -0.1242582135,  $
0.0000000000, 0.0000000000, 1.0000000000
GOTO / -0.6560732571, -0.1903674409, -0.1242582135,  $
0.0000000000, 0.0000000000, 1.0000000000
GOTO / -0.0341249081, -0.1361626464, -0.1242582135,  $
0.0000000000, 0.0000000000, 1.0000000000
GOTO / 0.0383342599, -0.0593826923, -0.1242582135,  $
0.0000000000, 0.0000000000, 1.0000000000
GOTO / 0.0381795045, 0.0595466758, -0.1242582135,  $
0.0000000000, 0.0000000000, 1.0000000000
GOTO / -0.0341249081, 0.1361626464, -0.1242582135,  $
0.0000000000, 0.0000000000, 1.0000000000
GOTO / -0.6560732571, 0.1903674409, -0.1242582135,  $
0.0000000000, 0.0000000000, 1.0000000000
GOTO / -0.7327465310, 0.1322350643, -0.1242582135,  $
0.0000000000, 0.0000000000, 1.0000000000
GOTO / -0.7353409404, 0.0467662682, -0.1242582135,  $
0.0000000000, 0.0000000000, 1.0000000000
GOTO / -0.5956470536, 0.0191141417, -0.1242582135,  $
0.0000000000, 0.0000000000, 1.0000000000
GOTO / -0.5956470536, 0.0191141417, -0.1992582135,  $
0.0000000000, 0.0000000000, 1.0000000000
GOTO / -0.5956480617, -0.0191142295, -0.1992582135,  $
0.0000000000, 0.0000000000, 1.0000000000
GOTO / -0.3763304975, 0.0000000000, -0.1992582135,  $
0.0000000000, 0.0000000000, 1.0000000000
GOTO / -0.2514000313, -0.0041687688, -0.1992582135,  $
0.0000000000, 0.0000000000, 1.0000000000
GOTO / -0.2035673829, 0.0000000000, -0.1992582135,  $
0.0000000000, 0.0000000000, 1.0000000000
GOTO / -0.2514000313, 0.0041687688, -0.1992582135,  $
0.0000000000, 0.0000000000, 1.0000000000
GOTO / -0.3763304975, 0.0000000000, -0.1992582135,  $
0.0000000000, 0.0000000000, 1.0000000000
GOTO / -0.5956470536, 0.0191141417, -0.1992582135,  $
0.0000000000, 0.0000000000, 1.0000000000
GOTO / -0.7356437954, 0.0200692702, -0.1992582135,  $
0.0000000000, 0.0000000000, 1.0000000000
GOTO / -0.7327534195, -0.1322298416, -0.1992582135,  $
0.0000000000, 0.0000000000, 1.0000000000
GOTO / -0.6861870367, -0.1675356837, -0.1992582135,  $
0.0000000000, 0.0000000000, 1.0000000000
GOTO / -0.0079481876, -0.1084249914, -0.1992582135,  $
0.0000000000, 0.0000000000, 1.0000000000
GOTO / 0.0383342599, -0.0593826923, -0.1992582135,  $
0.0000000000, 0.0000000000, 1.0000000000
GOTO / 0.0381795045, 0.0595466758, -0.1992582135,  $
0.0000000000, 0.0000000000, 1.0000000000
GOTO / -0.0079481876, 0.1084249914, -0.1992582135,  $
0.0000000000, 0.0000000000, 1.0000000000
GOTO / -0.6861870367, 0.1675356837, -0.1992582135,  $
0.0000000000, 0.0000000000, 1.0000000000
GOTO / -0.7327465310, 0.1322350643, -0.1992582135,  $
0.0000000000, 0.0000000000, 1.0000000000
GOTO / -0.7356437954, 0.0200692702, -0.1992582135,  $
0.0000000000, 0.0000000000, 1.0000000000
GOTO / -0.6648617272, 0.0699554987, -0.1992582135,  $
0.0000000000, 0.0000000000, 1.0000000000
GOTO / -0.6648617272, 0.0699554987, -0.2742582135,  $
0.0000000000, 0.0000000000, 1.0000000000
GOTO / -0.6648653229, -0.0699558121, -0.2742582135,  $
0.0000000000, 0.0000000000, 1.0000000000
GOTO / -0.0317238439, -0.0147755004, -0.2742582135,  $
0.0000000000, 0.0000000000, 1.0000000000
GOTO / -0.0317623012, 0.0147788521, -0.2742582135,  $
0.0000000000, 0.0000000000, 1.0000000000
GOTO / -0.6648617272, 0.0699554987, -0.2742582135,  $
0.0000000000, 0.0000000000, 1.0000000000
GOTO / -0.7348410669, 0.0716560897, -0.2742582135,  $
0.0000000000, 0.0000000000, 1.0000000000
CIRCLE / 2.2168620159, -0.0000742163, -0.2742582135,  $
0.0000000000, 0.0000000000, 1.0000000000,  2.9525745250
GOTO / -0.7327534195, -0.1322298416, -0.2742582135,  $
0.0000000000, 0.0000000000, 1.0000000000
GOTO / -0.7163008164, -0.1447039264, -0.2742582135,  $
0.0000000000, 0.0000000000, 1.0000000000
GOTO / 0.0182285330, -0.0806873364, -0.2742582135,  $
0.0000000000, 0.0000000000, 1.0000000000
GOTO / 0.0383342599, -0.0593826923, -0.2742582135,  $
0.0000000000, 0.0000000000, 1.0000000000
GOTO / 0.0381795045, 0.0595466758, -0.2742582135,  $
0.0000000000, 0.0000000000, 1.0000000000
GOTO / 0.0182285330, 0.0806873364, -0.2742582135,  $
0.0000000000, 0.0000000000, 1.0000000000
GOTO / -0.7163008164, 0.1447039264, -0.2742582135,  $
0.0000000000, 0.0000000000, 1.0000000000
GOTO / -0.7327465310, 0.1322350643, -0.2742582135,  $
0.0000000000, 0.0000000000, 1.0000000000
GOTO / -0.7348410669, 0.0716560897, -0.2742582135,  $
0.0000000000, 0.0000000000, 1.0000000000
GOTO / -0.6653510120, 0.0445418717, -0.2742582135,  $
0.0000000000, 0.0000000000, 1.0000000000
GOTO / -0.6653510120, 0.0445418717, -0.3492582135,  $
0.0000000000, 0.0000000000, 1.0000000000
GOTO / -0.6653545374, -0.0445421789, -0.3492582135,  $
0.0000000000, 0.0000000000, 1.0000000000
GOTO / -0.1542754915, 0.0000000000, -0.3492582135,  $
0.0000000000, 0.0000000000, 1.0000000000
GOTO / -0.6653510120, 0.0445418717, -0.3492582135,  $
0.0000000000, 0.0000000000, 1.0000000000
GOTO / -0.7353418361, 0.0456752428, -0.3492582135,  $
0.0000000000, 0.0000000000, 1.0000000000
CIRCLE / 2.0920604675, -0.0001092759, -0.3492582135,  $
0.0000000000, 0.0000000000, 1.0000000000,  2.8277729769
GOTO / -0.7331393877, -0.1207151921, -0.3492582135,  $
0.0000000000, 0.0000000000, 1.0000000000
GOTO / 0.0383246179, -0.0534796283, -0.3492582135,  $
0.0000000000, 0.0000000000, 1.0000000000
GOTO / 0.0381645869, 0.0534935756, -0.3492582135,  $
0.0000000000, 0.0000000000, 1.0000000000
GOTO / -0.7331300841, 0.1207143813, -0.3492582135,  $
0.0000000000, 0.0000000000, 1.0000000000
GOTO / -0.7353418361, 0.0456752428, -0.3492582135,  $
0.0000000000, 0.0000000000, 1.0000000000
GOTO / -0.6656276616, 0.0191097128, -0.3492582135,  $
0.0000000000, 0.0000000000, 1.0000000000
GOTO / -0.6656276616, 0.0191097128, -0.4242582135,  $
0.0000000000, 0.0000000000, 1.0000000000
GOTO / -0.6656320959, -0.0191100993, -0.4242582135,  $
0.0000000000, 0.0000000000, 1.0000000000
GOTO / -0.4463619223, -0.0000000000, -0.4242582135,  $
0.0000000000, 0.0000000000, 1.0000000000
GOTO / -0.6656276616, 0.0191097128, -0.4242582135,  $
0.0000000000, 0.0000000000, 1.0000000000
GOTO / -0.7356249736, 0.0197231581, -0.4242582135,  $
0.0000000000, 0.0000000000, 1.0000000000
GOTO / -0.7337301448, -0.0953104087, -0.4242582135,  $
0.0000000000, 0.0000000000, 1.0000000000
GOTO / 0.0382847990, -0.0280268289, -0.4242582135,  $
0.0000000000, 0.0000000000, 1.0000000000
GOTO / 0.0381981125, 0.0280343839, -0.4242582135,  $
0.0000000000, 0.0000000000, 1.0000000000
GOTO / -0.7337087519, 0.0953085443, -0.4242582135,  $
0.0000000000, 0.0000000000, 1.0000000000
GOTO / -0.7356249736, 0.0197231581, -0.4242582135,  $
0.0000000000, 0.0000000000, 1.0000000000
GOTO / -0.7342849952, 0.0699024959, -0.4242582135,  $
0.0000000000, 0.0000000000, 1.0000000000
GOTO / -0.7342849952, 0.0699024959, -0.4992582135,  $
0.0000000000, 0.0000000000, 1.0000000000
CIRCLE / 0.9962739746, -0.0004038762, -0.4992582135,  $
0.0000000000, 0.0000000000, 1.0000000000,  1.7319865282
GOTO / -0.7343175086, -0.0699053296, -0.4992582135,  $
0.0000000000, 0.0000000000, 1.0000000000
GOTO / 0.0382454417, -0.0025739892, -0.4992582135,  $
0.0000000000, 0.0000000000, 1.0000000000
GOTO / 0.0382374804, 0.0025746831, -0.4992582135,  $
0.0000000000, 0.0000000000, 1.0000000000
GOTO / -0.7342849952, 0.0699024959, -0.4992582135,  $
0.0000000000, 0.0000000000, 1.0000000000
GOTO / -0.7342849952, 0.0699024959, 1.5000000000,  $
0.0000000000, 0.0000000000, 1.0000000000
ENDSUB 
DEFSUB / 9
RAPID 
GOTO / 1.9665624879, -1.7875945444, 1.3655673447,  $
0.0021181679, -0.7946598459, 0.6070512685
FEDRAT / 10.000000,  IPM
GOTO / 1.9660329459, -1.5889295829, 1.2138045276,  $
0.0021181679, -0.7946598459, 0.6070512685
GOTO / 2.5424171243, -1.3198407359, 1.0180123159,  $
0.0025286057, -0.7918233999, 0.6107448809
GOTO / 2.5339295858, -1.2762942049, 0.9960370617,  $
0.0026011421, -0.7883415772, 0.6152323071
GOTO / 1.9287064466, -1.5589498797, 1.2017380685,  $
0.0021508368, -0.7919966879, 0.6105215969
GOTO / 1.8914213555, -1.5289643971, 1.1896572009,  $
0.0021845011, -0.7892345816, 0.6140879441
GOTO / 2.5254490936, -1.2327492924, 0.9740436901,  $
0.0026778878, -0.7846258771, 0.6199637586
GOTO / 2.5169762229, -1.1892092042, 0.9520322183,  $
0.0027592072, -0.7806528930, 0.6249587565
GOTO / 1.8541664422, -1.4989671829, 1.1775595589,  $
0.0022192121, -0.7863674655, 0.6177550358
GOTO / 1.8169615198, -1.4689793044, 1.1654538990,  $
0.0022549913, -0.7833914710, 0.6215245113
GOTO / 2.5085119323, -1.1456796487, 0.9300037564,  $
0.0028455016, -0.7763963249, 0.6302385658
GOTO / 2.5000541072, -1.1021568707, 0.9079545297,  $
0.0029372400, -0.7718252007, 0.6358279894
GOTO / 1.7797718415, -1.4389794089, 1.1533320226,  $
0.0022919125, -0.7802981237, 0.6254035379
GOTO / 1.7426260968, -1.4089817658, 1.1411982457,  $
0.0023300114, -0.7770825353, 0.6293943950
GOTO / 2.4916038049, -1.0586400654, 0.8858817544,  $
0.0030349440, -0.7669044344, 0.6417541410
GOTO / 2.4831641837, -1.0151336584, 0.8637849101,  $
0.0031391900, -0.7615943737, 0.6480464146
GOTO / 1.7055324804, -1.3789838574, 1.1290500529,  $
0.0023693467, -0.7737376917, 0.6335016738
GOTO / 1.6684837632, -1.3489789987, 1.1168841961,  $
0.0024099859, -0.7702552631, 0.6377311516
GOTO / 2.4747370601, -0.9716379704, 0.8416611163,  $
0.0032506391, -0.7558487427, 0.6547382008
GOTO / 2.4663214125, -0.9281549495, 0.8195082337,  $
0.0033700367, -0.7496139915, 0.6618666834
GOTO / 1.6314688765, -1.3189666632, 1.1047009870,  $
0.0024519914, -0.7666266622, 0.6420884273
GOTO / 1.5944957412, -1.2889558454, 1.0925038826,  $
0.0024954162, -0.7628440598, 0.6465776932
GOTO / 2.4579177770, -0.8846903779, 0.7973255555,  $
0.0034982195, -0.7428284068, 0.6694727183
GOTO / 2.4495266320, -0.8412489382, 0.7751112889,  $
0.0036361443, -0.7354196756, 0.6776021541
GOTO / 1.5575574296, -1.2589433275, 1.0802913324,  $
0.0025403340, -0.7588974888, 0.6512051507
GOTO / 1.5528274566, -1.2609070312, 1.0817240555,  $
0.0133441620, -0.7589074134, 0.6510618029
GOTO / 2.4539488714, -0.8389376536, 0.7734190812,  $
0.0139506916, -0.7351619476, 0.6777479538
GOTO / 2.4554205061, -0.8381030595, 0.7728085732,  $
0.0202976149, -0.7350125718, 0.6777496043
GOTO / 2.3186851631, -0.9021977843, 0.8197300516,  $
0.0196971650, -0.7399800998, 0.6723402960
GOTO / 2.3186834073, -0.9021508938, 0.8197831453,  $
0.0196971371, -0.7399410329, 0.6723832914
GOTO / 1.6327564638, -1.2039531831, 1.0766414945,  $
0.0150123496, -0.7453356122, 0.6665204082
GOTO / 1.5525960785, -1.2399398945, 1.1058426480,  $
0.0146061821, -0.7462306777, 0.6655271859
GOTO / 1.5525960785, -1.2062103149, 1.1425390937,  $
0.0146061821, -0.7259312687, 0.6876121382
GOTO / 2.3301803656, -0.8756328255, 0.8384761210,  $
0.0198004160, -0.7221237879, 0.6914804252
GOTO / 2.4556117489, -0.8241990495, 0.7874314514,  $
0.0210058800, -0.7228909740, 0.6906427388
GOTO / 2.4556117489, -0.8035917633, 0.8084507665,  $
0.0210058800, -0.7048166736, 0.7090784228
GOTO / 2.0427111293, -0.9711251295, 0.9781822544,  $
0.0174997895, -0.7044343195, 0.7095534137
GOTO / 1.5525960785, -1.1714699148, 1.1781329054,  $
0.0146061821, -0.7050235195, 0.7090334945
GOTO / 1.5525960785, -1.1356765362, 1.2126737852,  $
0.0146061821, -0.6834820583, 0.7298211668
GOTO / 2.4556117489, -0.7822750401, 0.8290947626,  $
0.0210058800, -0.6861201382, 0.7271849208
GOTO / 2.4556117489, -0.7604496330, 0.8491576529,  $
0.0210058800, -0.6669774446, 0.7447817408
GOTO / 1.6816180665, -1.0515397365, 1.1885160368,  $
0.0152708940, -0.6625532402, 0.7488591348
GOTO / 1.5525960785, -1.0989381527, 1.2460633374,  $
0.0146061821, -0.6613718665, 0.7499159377
GOTO / 1.5525960785, -1.0612053847, 1.2783512959,  $
0.0146061821, -0.6386632262, 0.7693477386
GOTO / 1.8944799033, -0.9409058344, 1.1215849728,  $
0.0165105199, -0.6426135790, 0.7660125266
GOTO / 2.3356644679, -0.7822544996, 0.9220533828,  $
0.0198505105, -0.6468048601, 0.7623971604
GOTO / 2.3356661954, -0.7822008008, 0.9220976340,  $
0.0198505329, -0.6467609907, 0.7624343757
GOTO / 2.4554848203, -0.7430633794, 0.8645262608,  $
0.0205547871, -0.6516850996, 0.7582110733
GOTO / 2.4540573628, -0.7436266307, 0.8653555306,  $
0.0144138537, -0.6516797390, 0.7583572764
GOTO / 1.5528428326, -1.0370559226, 1.2978844155,  $
0.0132911766, -0.6241804204, 0.7811671699
GOTO / 1.5575574224, -1.0356967560, 1.2958780431,  $
0.0025403300, -0.6243233106, 0.7811619234
GOTO / 2.4495266578, -0.7452799150, 0.8677874622,  $
0.0036361668, -0.6515235858, 0.7586196645
GOTO / 2.4579180437, -0.7659652539, 0.9119791131,  $
0.0034982153, -0.6431402987, 0.7657403729
GOTO / 1.5944995173, -1.0468555878, 1.3263015923,  $
0.0024954117, -0.6195604626, 0.7849449701
GOTO / 1.6314760381, -1.0579989160, 1.3567225816,  $
0.0024519832, -0.6149415191, 0.7885689037
GOTO / 2.4663215937, -0.7866173156, 0.9561909207,  $
0.0033700340, -0.6353021776, 0.7722562955
GOTO / 2.4747369695, -0.8072385011, 1.0004191478,  $
0.0032506403, -0.6279606878, 0.7782382719
GOTO / 1.6684931000, -1.0691279360, 1.3871436021,  $
0.0024099755, -0.6104600291, 0.7920433984
GOTO / 1.7055447588, -1.0802401012, 1.4175571683,  $
0.0023693335, -0.6061112866, 0.7953763226
GOTO / 2.4831642859, -0.8278313112, 1.0446614610,  $
0.0031391887, -0.6210723010, 0.7837469888
GOTO / 2.4916038593, -0.8483962262, 1.0889122832,  $
0.0030349434, -0.6145985825, 0.7888341851
GOTO / 1.7426394899, -1.0913343039, 1.4479616658,  $
0.0023299974, -0.6018896945, 0.7985758366
GOTO / 1.7797848730, -1.1024136690, 1.4783641880,  $
0.0022918994, -0.5977891301, 0.8016501127
GOTO / 2.5000540849, -0.8689366541, 1.1331725058,  $
0.0029372402, -0.6085043647, 0.7935450905
GOTO / 2.5085121010, -0.8894539891, 1.1774392777,  $
0.0028454999, -0.6027586892, 0.7979184581
GOTO / 1.8169745987, -1.1134811860, 1.5087688844,  $
0.0022549785, -0.5938045466, 0.8046061618
GOTO / 1.8541779272, -1.1245324295, 1.5391596661,  $
0.0022192012, -0.5899337098, 0.8074486319
GOTO / 2.5169763609, -0.9099497971, 1.2217109368,  $
0.0027592059, -0.5973335695, 0.8019881505
GOTO / 2.5254490615, -0.9304279215, 1.2659918015,  $
0.0026778881, -0.5922030641, 0.8057843134
GOTO / 1.8914300214, -1.1355749718, 1.5695584983,  $
0.0021844932, -0.5861691055, 0.8101857859
GOTO / 1.9287110883, -1.1466008071, 1.5999440441,  $
0.0021508327, -0.5825089486, 0.8128214433
GOTO / 2.5339295116, -0.9508880984, 1.3102775255,  $
0.0026011427, -0.5873448413, 0.8093326087
GOTO / 2.5424171243, -0.9713303929, 1.3545648421,  $
0.0025286057, -0.5827385935, 0.8126557314
GOTO / 1.9660329459, -1.1576122680, 1.6303228171,  $
0.0021181679, -0.5789482406, 0.8153615444
GOTO / 2.7242358775, -2.0839426340, 2.5895659917,  $
0.0021181679, -0.5789482406, 0.8153615444
ENDSUB 
ROTATE / AAXIS,  INCR,  -45.000000,  CCLW
TRANS / 0.0000000000, 0.0000000000, 2.2307509381
LOADTL / 1
$$-> CUTTER / 0.250000
$$-> CSYS / 1.0000000000, 0.0000000000, 0.0000000000, 0.0000000000,  $
            0.0000000000, 0.7071067812, -0.7071067812, -1.5773791155,  $
            0.0000000000, 0.7071067812, 0.7071067812, 1.5773791155
SPINDL / RPM, 450.000000,  CLW
COOLNT / FLOOD
RAPID 
GOTO / 0.9123319757, 0.0018573451, 1.5000000000,  $
0.0000000000, 0.0000000000, 1.0000000000
CALSUB / 6
TRANS / 0.0000000000, -0.0000000000, -2.2307509381
TRANS / 0.0000000000, 0.0000000000, 0.0000000000
$$-> END / 
$$-> FEATNO / 1784
ROTATE / AAXIS,  INCR,  -25.714286,  CCLW
TRANS / 0.0000000000, 0.0000000000, 2.2307509381
$$-> CSYS / 1.0000000000, 0.0000000000, 0.0000000000, 0.0000000000,  $
            0.0000000000, 0.3302790620, -0.9438833303, -2.1055686245,  $
            0.0000000000, 0.9438833303, 0.3302790620, 0.7367703273
RAPID 
GOTO / 0.9123319757, 0.0018573451, 1.5000000000,  $
0.0000000000, 0.0000000000, 1.0000000000
CALSUB / 6
TRANS / 0.0000000000, -0.0000000000, -2.2307509381
TRANS / 0.0000000000, 0.0000000000, 0.0000000000
$$-> END / 
$$-> FEATNO / 1784
ROTATE / AAXIS,  INCR,  -25.714286,  CCLW
TRANS / 0.0000000000, 0.0000000000, 2.2307509381
$$-> CSYS / 1.0000000000, 0.0000000000, 0.0000000000, 0.0000000000,  $
            0.0000000000, -0.1119644761, -0.9937122099, -2.2167244444,  $
            0.0000000000, 0.9937122099, -0.1119644761, -0.2497648601
RAPID 
GOTO / 0.9123319757, 0.0018573451, 1.5000000000,  $
0.0000000000, 0.0000000000, 1.0000000000
CALSUB / 6
TRANS / 0.0000000000, -0.0000000000, -2.2307509381
TRANS / 0.0000000000, 0.0000000000, 0.0000000000
$$-> END / 
$$-> FEATNO / 1784
ROTATE / AAXIS,  INCR,  -25.714286,  CCLW
TRANS / 0.0000000000, 0.0000000000, 2.2307509381
$$-> CSYS / 1.0000000000, 0.0000000000, 0.0000000000, 0.0000000000,  $
            0.0000000000, -0.5320320765, -0.8467241992, -1.8888308017,  $
            0.0000000000, 0.8467241992, -0.5320320765, -1.1868310538
RAPID 
GOTO / 0.9123319757, 0.0018573451, 1.5000000000,  $
0.0000000000, 0.0000000000, 1.0000000000
CALSUB / 6
TRANS / 0.0000000000, -0.0000000000, -2.2307509381
TRANS / 0.0000000000, 0.0000000000, 0.0000000000
$$-> END / 
$$-> FEATNO / 1784
ROTATE / AAXIS,  INCR,  -25.714286,  CCLW
TRANS / 0.0000000000, 0.0000000000, 2.2307509381
$$-> CSYS / 1.0000000000, 0.0000000000, 0.0000000000, 0.0000000000,  $
            0.0000000000, -0.8467241992, -0.5320320765, -1.1868310538,  $
            0.0000000000, 0.5320320765, -0.8467241992, -1.8888308017
RAPID 
GOTO / 0.9123319757, 0.0018573451, 1.5000000000,  $
0.0000000000, 0.0000000000, 1.0000000000
CALSUB / 6
TRANS / 0.0000000000, -0.0000000000, -2.2307509381
TRANS / 0.0000000000, 0.0000000000, 0.0000000000
$$-> END / 
$$-> FEATNO / 1784
ROTATE / AAXIS,  INCR,  -25.714286,  CCLW
TRANS / 0.0000000000, 0.0000000000, 2.2307509381
$$-> CSYS / 1.0000000000, 0.0000000000, 0.0000000000, 0.0000000000,  $
            0.0000000000, -0.9937122099, -0.1119644761, -0.2497648601,  $
            0.0000000000, 0.1119644761, -0.9937122099, -2.2167244444
RAPID 
GOTO / 0.9123319757, 0.0018573451, 1.5000000000,  $
0.0000000000, 0.0000000000, 1.0000000000
CALSUB / 6
TRANS / 0.0000000000, -0.0000000000, -2.2307509381
TRANS / 0.0000000000, 0.0000000000, 0.0000000000
$$-> END / 
$$-> FEATNO / 1784
ROTATE / AAXIS,  INCR,  -25.714286,  CCLW
TRANS / 0.0000000000, 0.0000000000, 2.2307509381
$$-> CSYS / 1.0000000000, 0.0000000000, 0.0000000000, 0.0000000000,  $
            0.0000000000, -0.9438833303, 0.3302790620, 0.7367703273,  $
            0.0000000000, -0.3302790620, -0.9438833303, -2.1055686245
RAPID 
GOTO / 0.9123319757, 0.0018573451, 1.5000000000,  $
0.0000000000, 0.0000000000, 1.0000000000
CALSUB / 6
TRANS / 0.0000000000, -0.0000000000, -2.2307509381
TRANS / 0.0000000000, 0.0000000000, 0.0000000000
$$-> END / 
$$-> FEATNO / 1784
ROTATE / AAXIS,  INCR,  -25.714286,  CCLW
TRANS / 0.0000000000, 0.0000000000, 2.2307509381
$$-> CSYS / 1.0000000000, 0.0000000000, 0.0000000000, 0.0000000000,  $
            0.0000000000, -0.7071067812, 0.7071067812, 1.5773791155,  $
            0.0000000000, -0.7071067812, -0.7071067812, -1.5773791155
RAPID 
GOTO / 0.9123319757, 0.0018573451, 1.5000000000,  $
0.0000000000, 0.0000000000, 1.0000000000
CALSUB / 6
TRANS / 0.0000000000, -0.0000000000, -2.2307509381
TRANS / 0.0000000000, 0.0000000000, 0.0000000000
$$-> END / 
$$-> FEATNO / 1784
ROTATE / AAXIS,  INCR,  -25.714286,  CCLW
TRANS / 0.0000000000, 0.0000000000, 2.2307509381
$$-> CSYS / 1.0000000000, 0.0000000000, 0.0000000000, 0.0000000000,  $
            0.0000000000, -0.3302790620, 0.9438833303, 2.1055686245,  $
            0.0000000000, -0.9438833303, -0.3302790620, -0.7367703273
RAPID 
GOTO / 0.9123319757, 0.0018573451, 1.5000000000,  $
0.0000000000, 0.0000000000, 1.0000000000
CALSUB / 6
TRANS / 0.0000000000, -0.0000000000, -2.2307509381
TRANS / 0.0000000000, 0.0000000000, 0.0000000000
$$-> END / 
$$-> FEATNO / 1784
ROTATE / AAXIS,  INCR,  -25.714286,  CCLW
TRANS / 0.0000000000, 0.0000000000, 2.2307509381
$$-> CSYS / 1.0000000000, 0.0000000000, 0.0000000000, 0.0000000000,  $
            0.0000000000, 0.1119644761, 0.9937122099, 2.2167244444,  $
            0.0000000000, -0.9937122099, 0.1119644761, 0.2497648601
RAPID 
GOTO / 0.9123319757, 0.0018573451, 1.5000000000,  $
0.0000000000, 0.0000000000, 1.0000000000
CALSUB / 6
TRANS / 0.0000000000, -0.0000000000, -2.2307509381
TRANS / 0.0000000000, 0.0000000000, 0.0000000000
$$-> END / 
$$-> FEATNO / 1784
ROTATE / AAXIS,  INCR,  -25.714286,  CCLW
TRANS / 0.0000000000, 0.0000000000, 2.2307509381
$$-> CSYS / 1.0000000000, 0.0000000000, 0.0000000000, 0.0000000000,  $
            0.0000000000, 0.5320320765, 0.8467241992, 1.8888308017,  $
            0.0000000000, -0.8467241992, 0.5320320765, 1.1868310538
RAPID 
GOTO / 0.9123319757, 0.0018573451, 1.5000000000,  $
0.0000000000, 0.0000000000, 1.0000000000
CALSUB / 6
TRANS / 0.0000000000, -0.0000000000, -2.2307509381
TRANS / 0.0000000000, 0.0000000000, 0.0000000000
$$-> END / 
$$-> FEATNO / 1784
ROTATE / AAXIS,  INCR,  -25.714286,  CCLW
TRANS / 0.0000000000, 0.0000000000, 2.2307509381
$$-> CSYS / 1.0000000000, 0.0000000000, 0.0000000000, 0.0000000000,  $
            0.0000000000, 0.8467241992, 0.5320320765, 1.1868310538,  $
            0.0000000000, -0.5320320765, 0.8467241992, 1.8888308017
RAPID 
GOTO / 0.9123319757, 0.0018573451, 1.5000000000,  $
0.0000000000, 0.0000000000, 1.0000000000
CALSUB / 6
TRANS / 0.0000000000, -0.0000000000, -2.2307509381
TRANS / 0.0000000000, 0.0000000000, 0.0000000000
$$-> END / 
$$-> FEATNO / 1784
ROTATE / AAXIS,  INCR,  -25.714286,  CCLW
TRANS / 0.0000000000, -0.0000000000, 2.2307509381
$$-> CSYS / 1.0000000000, 0.0000000000, 0.0000000000, 0.0000000000,  $
            0.0000000000, 0.9937122099, 0.1119644761, 0.2497648601,  $
            0.0000000000, -0.1119644761, 0.9937122099, 2.2167244444
RAPID 
GOTO / 0.9123319757, 0.0018573451, 1.5000000000,  $
0.0000000000, 0.0000000000, 1.0000000000
CALSUB / 6
TRANS / 0.0000000000, 0.0000000000, -2.2307509381
TRANS / 0.0000000000, 0.0000000000, 0.0000000000
$$-> END / 
$$-> FEATNO / 1784
ROTATE / AAXIS,  INCR,  -25.714286,  CCLW
TRANS / 0.0000000000, 0.0000000000, 2.2307509381
$$-> CSYS / 1.0000000000, 0.0000000000, 0.0000000000, 0.0000000000,  $
            0.0000000000, 0.9438833303, -0.3302790620, -0.7367703273,  $
            0.0000000000, 0.3302790620, 0.9438833303, 2.1055686245
RAPID 
GOTO / 0.9123319757, 0.0018573451, 1.5000000000,  $
0.0000000000, 0.0000000000, 1.0000000000
CALSUB / 6
TRANS / 0.0000000000, 0.0000000000, -2.2307509381
TRANS / 0.0000000000, 0.0000000000, 0.0000000000
$$-> END / 
$$-> FEATNO / 1892
ROTATE / AAXIS,  INCR,  19.285714,  CCLW
COOLNT / OFF
SPINDL / OFF
LOADTL / 2
$$-> CUTTER / 0.100000
$$-> CSYS / 1.0000000000, 0.0000000000, 0.0000000000, 0.0000000000,  $
            0.0000000000, 0.7071067812, -0.7071067812, -1.5773791155,  $
            0.0000000000, 0.7071067812, 0.7071067812, 1.5773791155
SPINDL / RPM, 450.000000,  CLW
MULTAX / ON
COOLNT / FLOOD
RAPID 
GOTO / -0.2500000000, -2.8293793496, 2.4471254280,  $
-0.0000000000, -0.7803641487, 0.6253253517
CALSUB / 7
$$-> END / 
$$-> FEATNO / 1892
ROTATE / AAXIS,  INCR,  -25.714286,  CCLW
$$-> CSYS / 1.0000000000, 0.0000000000, 0.0000000000, 0.0000000000,  $
            0.0000000000, 0.3302790620, -0.9438833303, -2.1055686245,  $
            0.0000000000, 0.9438833303, 0.3302790620, 0.7367703273
MULTAX / ON
RAPID 
GOTO / -0.2500000000, -2.8293793496, 2.4471254280,  $
-0.0000000000, -0.7803641487, 0.6253253517
CALSUB / 7
$$-> END / 
$$-> FEATNO / 1892
ROTATE / AAXIS,  INCR,  -25.714286,  CCLW
$$-> CSYS / 1.0000000000, 0.0000000000, 0.0000000000, 0.0000000000,  $
            0.0000000000, -0.1119644761, -0.9937122099, -2.2167244444,  $
            0.0000000000, 0.9937122099, -0.1119644761, -0.2497648601
MULTAX / ON
RAPID 
GOTO / -0.2500000000, -2.8293793496, 2.4471254280,  $
-0.0000000000, -0.7803641487, 0.6253253517
CALSUB / 7
$$-> END / 
$$-> FEATNO / 1892
ROTATE / AAXIS,  INCR,  -25.714286,  CCLW
$$-> CSYS / 1.0000000000, 0.0000000000, 0.0000000000, 0.0000000000,  $
            0.0000000000, -0.5320320765, -0.8467241992, -1.8888308017,  $
            0.0000000000, 0.8467241992, -0.5320320765, -1.1868310538
MULTAX / ON
RAPID 
GOTO / -0.2500000000, -2.8293793496, 2.4471254280,  $
-0.0000000000, -0.7803641487, 0.6253253517
CALSUB / 7
$$-> END / 
$$-> FEATNO / 1892
ROTATE / AAXIS,  INCR,  -25.714286,  CCLW
$$-> CSYS / 1.0000000000, 0.0000000000, 0.0000000000, 0.0000000000,  $
            0.0000000000, -0.8467241992, -0.5320320765, -1.1868310538,  $
            0.0000000000, 0.5320320765, -0.8467241992, -1.8888308017
MULTAX / ON
RAPID 
GOTO / -0.2500000000, -2.8293793496, 2.4471254280,  $
-0.0000000000, -0.7803641487, 0.6253253517
CALSUB / 7
$$-> END / 
$$-> FEATNO / 1892
ROTATE / AAXIS,  INCR,  -25.714286,  CCLW
$$-> CSYS / 1.0000000000, 0.0000000000, 0.0000000000, 0.0000000000,  $
            0.0000000000, -0.9937122099, -0.1119644761, -0.2497648601,  $
            0.0000000000, 0.1119644761, -0.9937122099, -2.2167244444
MULTAX / ON
RAPID 
GOTO / -0.2500000000, -2.8293793496, 2.4471254280,  $
-0.0000000000, -0.7803641487, 0.6253253517
CALSUB / 7
$$-> END / 
$$-> FEATNO / 1892
ROTATE / AAXIS,  INCR,  -25.714286,  CCLW
$$-> CSYS / 1.0000000000, 0.0000000000, 0.0000000000, 0.0000000000,  $
            0.0000000000, -0.9438833303, 0.3302790620, 0.7367703273,  $
            0.0000000000, -0.3302790620, -0.9438833303, -2.1055686245
MULTAX / ON
RAPID 
GOTO / -0.2500000000, -2.8293793496, 2.4471254280,  $
-0.0000000000, -0.7803641487, 0.6253253517
CALSUB / 7
$$-> END / 
$$-> FEATNO / 1892
ROTATE / AAXIS,  INCR,  -25.714286,  CCLW
$$-> CSYS / 1.0000000000, 0.0000000000, 0.0000000000, 0.0000000000,  $
            0.0000000000, -0.7071067812, 0.7071067812, 1.5773791155,  $
            0.0000000000, -0.7071067812, -0.7071067812, -1.5773791155
MULTAX / ON
RAPID 
GOTO / -0.2500000000, -2.8293793496, 2.4471254280,  $
-0.0000000000, -0.7803641487, 0.6253253517
CALSUB / 7
$$-> END / 
$$-> FEATNO / 1892
ROTATE / AAXIS,  INCR,  -25.714286,  CCLW
$$-> CSYS / 1.0000000000, 0.0000000000, 0.0000000000, 0.0000000000,  $
            0.0000000000, -0.3302790620, 0.9438833303, 2.1055686245,  $
            0.0000000000, -0.9438833303, -0.3302790620, -0.7367703273
MULTAX / ON
RAPID 
GOTO / -0.2500000000, -2.8293793496, 2.4471254280,  $
-0.0000000000, -0.7803641487, 0.6253253517
CALSUB / 7
$$-> END / 
$$-> FEATNO / 1892
ROTATE / AAXIS,  INCR,  -25.714286,  CCLW
$$-> CSYS / 1.0000000000, 0.0000000000, 0.0000000000, 0.0000000000,  $
            0.0000000000, 0.1119644761, 0.9937122099, 2.2167244444,  $
            0.0000000000, -0.9937122099, 0.1119644761, 0.2497648601
MULTAX / ON
RAPID 
GOTO / -0.2500000000, -2.8293793496, 2.4471254280,  $
-0.0000000000, -0.7803641487, 0.6253253517
CALSUB / 7
$$-> END / 
$$-> FEATNO / 1892
ROTATE / AAXIS,  INCR,  -25.714286,  CCLW
$$-> CSYS / 1.0000000000, 0.0000000000, 0.0000000000, 0.0000000000,  $
            0.0000000000, 0.5320320765, 0.8467241992, 1.8888308017,  $
            0.0000000000, -0.8467241992, 0.5320320765, 1.1868310538
MULTAX / ON
RAPID 
GOTO / -0.2500000000, -2.8293793496, 2.4471254280,  $
-0.0000000000, -0.7803641487, 0.6253253517
CALSUB / 7
$$-> END / 
$$-> FEATNO / 1892
ROTATE / AAXIS,  INCR,  -25.714286,  CCLW
$$-> CSYS / 1.0000000000, 0.0000000000, 0.0000000000, 0.0000000000,  $
            0.0000000000, 0.8467241992, 0.5320320765, 1.1868310538,  $
            0.0000000000, -0.5320320765, 0.8467241992, 1.8888308017
MULTAX / ON
RAPID 
GOTO / -0.2500000000, -2.8293793496, 2.4471254280,  $
-0.0000000000, -0.7803641487, 0.6253253517
CALSUB / 7
$$-> END / 
$$-> FEATNO / 1892
ROTATE / AAXIS,  INCR,  -25.714286,  CCLW
$$-> CSYS / 1.0000000000, 0.0000000000, 0.0000000000, 0.0000000000,  $
            0.0000000000, 0.9937122099, 0.1119644761, 0.2497648601,  $
            0.0000000000, -0.1119644761, 0.9937122099, 2.2167244444
MULTAX / ON
RAPID 
GOTO / -0.2500000000, -2.8293793496, 2.4471254280,  $
-0.0000000000, -0.7803641487, 0.6253253517
CALSUB / 7
$$-> END / 
$$-> FEATNO / 1892
ROTATE / AAXIS,  INCR,  -25.714286,  CCLW
$$-> CSYS / 1.0000000000, 0.0000000000, 0.0000000000, 0.0000000000,  $
            0.0000000000, 0.9438833303, -0.3302790620, -0.7367703273,  $
            0.0000000000, 0.3302790620, 0.9438833303, 2.1055686245
MULTAX / ON
RAPID 
GOTO / -0.2500000000, -2.8293793496, 2.4471254280,  $
-0.0000000000, -0.7803641487, 0.6253253517
CALSUB / 7
$$-> END / 
$$-> FEATNO / 4903
ROTATE / AAXIS,  INCR,  -69.714286,  CCLW
ROTATE / BAXIS,  INCR,  -29.621652,  CCLW
TRANS / 1.3747966612, 0.0000000000, 2.7172986675
COOLNT / OFF
SPINDL / OFF
LOADTL / 1
$$-> CUTTER / 0.250000
$$-> CSYS / 0.8693082085, -0.0000000000, 0.4942704104, 2.5382023502,  $
            0.3433490779, 0.7193398003, -0.6038722236, -1.1688660225,  $
            -0.3555483783, 0.6946583705, 0.6253279931, 1.2103961991
SPINDL / RPM, 450.000000,  CLW
COOLNT / FLOOD
RAPID 
GOTO / -0.5843676560, 0.0690436456, 1.5000000000,  $
0.0000000000, 0.0000000000, 1.0000000000
CALSUB / 8
TRANS / -1.3747966612, -0.0000000000, -2.7172986675
TRANS / 0.0000000000, 0.0000000000, 0.0000000000
$$-> END / 
$$-> FEATNO / 4903
ROTATE / AAXIS,  INCR,  -25.809226,  CCLW
ROTATE / BAXIS,  INCR,  -3.300074,  CCLW
ROTATE / CAXIS,  INCR,  -14.332327,  CCLW
TRANS / 1.3747966612, 0.0000000000, 2.7172986675
$$-> CSYS / 0.8693082085, -0.0000000000, 0.4942704104, 2.5382023502,  $
            0.4751232130, 0.2756373558, -0.8356326828, -1.6174657687,  $
            -0.1362393890, 0.9612616959, 0.2396138160, 0.4638008458
RAPID 
GOTO / -0.5843676560, 0.0690436456, 1.5000000000,  $
0.0000000000, 0.0000000000, 1.0000000000
CALSUB / 8
TRANS / -1.3747966612, -0.0000000000, -2.7172986675
TRANS / 0.0000000000, 0.0000000000, 0.0000000000
$$-> END / 
$$-> FEATNO / 4903
ROTATE / AAXIS,  INCR,  -25.809226,  CCLW
