$$*          Pro/CLfile  Version 19.0 - 9731
$$-> MFGNO / MILL_TOOTH_CONE
PARTNO / CONE_CASTING
$$-> FEATNO / 1784
MACHIN / MILL, 01
UNITS / INCHES
DEFSUB / 6
RAPID 
GOTO / 0.9123319757, 0.0018573451, 0.6037176350
FEDRAT / 10.000000,  IPM
GOTO / 0.9123319757, 0.0018573451, -0.0750000000
GOTO / 0.0250000000, 0.0018573451, -0.0750000000
GOTO / 0.0250000000, -0.0018573451, -0.0750000000
GOTO / 0.9123319757, -0.0018573451, -0.0750000000
GOTO / 0.9123319757, 0.1418573451, -0.0750000000
GOTO / -0.1150000000, 0.1418573451, -0.0750000000
GOTO / -0.1150000000, -0.1418573451, -0.0750000000
GOTO / 1.0523319757, -0.1418573451, -0.0750000000
GOTO / 1.0523319757, 0.1418573451, -0.0750000000
GOTO / 0.9123319757, 0.1418573451, -0.0750000000
GOTO / 0.9823319757, 0.0368842707, -0.0750000000
GOTO / 0.9823319757, 0.0368842707, -0.1500000000
GOTO / -0.0450000000, 0.0368842707, -0.1500000000
GOTO / -0.0450000000, -0.0368842707, -0.1500000000
GOTO / 0.9823319757, -0.0368842707, -0.1500000000
GOTO / 0.9823319757, 0.1068842707, -0.1500000000
GOTO / -0.1150000000, 0.1068842707, -0.1500000000
GOTO / -0.1150000000, -0.1068842707, -0.1500000000
GOTO / 1.0523319757, -0.1068842707, -0.1500000000
GOTO / 1.0523319757, 0.1068842707, -0.1500000000
GOTO / 0.9823319757, 0.1068842707, -0.1500000000
GOTO / 0.9823319757, 0.0019111964, -0.1500000000
GOTO / 0.9823319757, 0.0019111964, -0.2250000000
GOTO / -0.0450000000, 0.0019111964, -0.2250000000
GOTO / -0.0450000000, -0.0019111964, -0.2250000000
GOTO / 0.9823319757, -0.0019111964, -0.2250000000
GOTO / 0.9823319757, 0.0719111964, -0.2250000000
GOTO / -0.1150000000, 0.0719111964, -0.2250000000
GOTO / -0.1150000000, -0.0719111964, -0.2250000000
GOTO / 1.0523319757, -0.0719111964, -0.2250000000
GOTO / 1.0523319757, 0.0719111964, -0.2250000000
GOTO / 0.9823319757, 0.0719111964, -0.2250000000
GOTO / 1.0523319757, 0.0369381220, -0.2250000000
GOTO / 1.0523319757, 0.0369381220, -0.3000000000
GOTO / -0.1150000000, 0.0369381220, -0.3000000000
GOTO / -0.1150000000, -0.0369381220, -0.3000000000
GOTO / 1.0523319757, -0.0369381220, -0.3000000000
GOTO / 1.0523319757, 0.0369381220, -0.3000000000
GOTO / 1.0523319757, 0.0019650476, -0.3000000000
GOTO / 1.0523319757, 0.0019650476, -0.3750000000
GOTO / -0.1150000000, 0.0019650476, -0.3750000000
GOTO / -0.1150000000, -0.0019650476, -0.3750000000
GOTO / 1.0523319757, -0.0019650476, -0.3750000000
GOTO / 1.0523319757, 0.0019650476, -0.3750000000
GOTO / 1.0523319757, 0.0019650476, 1.5000000000
ENDSUB 
DEFSUB / 8
RAPID 
GOTO / -0.5843676560, 0.0690436456, 1.0128224401
FEDRAT / 10.000000,  IPM
GOTO / -0.5843676560, 0.0690436456, -0.0492582135
GOTO / -0.5950505419, 0.0609440626, -0.0492582135
GOTO / -0.5950538111, -0.0609415839, -0.0492582135
GOTO / -0.5843676560, -0.0690436456, -0.0492582135
GOTO / -0.1255450708, -0.0290557848, -0.0492582135
GOTO / -0.1017381465, -0.0038292386, -0.0492582135
GOTO / -0.1017481258, 0.0038398129, -0.0492582135
GOTO / -0.1255450708, 0.0290557848, -0.0492582135
GOTO / -0.5843676560, 0.0690436456, -0.0492582135
GOTO / -0.6689507711, 0.1806039281, -0.0492582135
GOTO / -0.7327465326, 0.1322350631, -0.0492582135
CIRCLE / 2.2168620164, -0.0000741822, -0.0492582135,  $
0.0000000000, -0.0000000000, 1.0000000000,  2.9525745255
GOTO / -0.7327534179, -0.1322298428, -0.0492582135
GOTO / -0.6259594774, -0.2131991982, -0.0492582135
GOTO / -0.0603016287, -0.1639003014, -0.0492582135
GOTO / 0.0383342600, -0.0593826921, -0.0492582135
GOTO / 0.0381795051, 0.0595466752, -0.0492582135
GOTO / -0.0603016287, 0.1639003014, -0.0492582135
GOTO / -0.6259594774, 0.2131991982, -0.0492582135
GOTO / -0.6689507711, 0.1806039281, -0.0492582135
GOTO / -0.5953585593, 0.0445452683, -0.0492582135
GOTO / -0.5953585593, 0.0445452683, -0.1242582135
GOTO / -0.5953609061, -0.0445454728, -0.1242582135
GOTO / -0.1017411450, -0.0015249265, -0.1242582135
GOTO / -0.1017451140, 0.0015252724, -0.1242582135
GOTO / -0.5953585593, 0.0445452683, -0.1242582135
GOTO / -0.7353409409, 0.0467662665, -0.1242582135
CIRCLE / 2.2168620164, -0.0000741822, -0.1242582135,  $
0.0000000000, -0.0000000000, 1.0000000000,  2.9525745255
GOTO / -0.7327534179, -0.1322298428, -0.1242582135
GOTO / -0.6560732571, -0.1903674409, -0.1242582135
GOTO / -0.0341249081, -0.1361626464, -0.1242582135
GOTO / 0.0383342600, -0.0593826921, -0.1242582135
GOTO / 0.0381795051, 0.0595466752, -0.1242582135
GOTO / -0.0341249081, 0.1361626464, -0.1242582135
GOTO / -0.6560732571, 0.1903674409, -0.1242582135
GOTO / -0.7327465326, 0.1322350631, -0.1242582135
GOTO / -0.7353409409, 0.0467662665, -0.1242582135
GOTO / -0.5956470538, 0.0191141417, -0.1242582135
GOTO / -0.5956470538, 0.0191141417, -0.1992582135
GOTO / -0.5956480615, -0.0191142295, -0.1992582135
GOTO / -0.3763304975, 0.0000000000, -0.1992582135
GOTO / -0.2514000313, -0.0041687688, -0.1992582135
GOTO / -0.2035673829, 0.0000000000, -0.1992582135
GOTO / -0.2514000313, 0.0041687688, -0.1992582135
GOTO / -0.3763304975, 0.0000000000, -0.1992582135
GOTO / -0.5956470538, 0.0191141417, -0.1992582135
GOTO / -0.7356437957, 0.0200692685, -0.1992582135
GOTO / -0.7327534179, -0.1322298428, -0.1992582135
GOTO / -0.6861870367, -0.1675356837, -0.1992582135
GOTO / -0.0079481876, -0.1084249914, -0.1992582135
GOTO / 0.0383342600, -0.0593826921, -0.1992582135
GOTO / 0.0381795051, 0.0595466752, -0.1992582135
GOTO / -0.0079481876, 0.1084249914, -0.1992582135
GOTO / -0.6861870367, 0.1675356837, -0.1992582135
GOTO / -0.7327465326, 0.1322350631, -0.1992582135
GOTO / -0.7356437957, 0.0200692685, -0.1992582135
GOTO / -0.6648617280, 0.0699554988, -0.1992582135
GOTO / -0.6648617280, 0.0699554988, -0.2742582135
GOTO / -0.6648653220, -0.0699558120, -0.2742582135
GOTO / -0.0317238436, -0.0147755004, -0.2742582135
GOTO / -0.0317623007, 0.0147788521, -0.2742582135
GOTO / -0.6648617280, 0.0699554988, -0.2742582135
GOTO / -0.7348410678, 0.0716560889, -0.2742582135
CIRCLE / 2.2168620164, -0.0000741822, -0.2742582135,  $
0.0000000000, -0.0000000000, 1.0000000000,  2.9525745255
GOTO / -0.7327534179, -0.1322298428, -0.2742582135
GOTO / -0.7163008164, -0.1447039264, -0.2742582135
GOTO / 0.0182285330, -0.0806873364, -0.2742582135
GOTO / 0.0383342600, -0.0593826921, -0.2742582135
GOTO / 0.0381795051, 0.0595466752, -0.2742582135
GOTO / 0.0182285330, 0.0806873364, -0.2742582135
GOTO / -0.7163008164, 0.1447039264, -0.2742582135
GOTO / -0.7327465326, 0.1322350631, -0.2742582135
GOTO / -0.7348410678, 0.0716560889, -0.2742582135
GOTO / -0.6653510128, 0.0445418718, -0.2742582135
GOTO / -0.6653510128, 0.0445418718, -0.3492582135
GOTO / -0.6653545366, -0.0445421789, -0.3492582135
GOTO / -0.1542754915, 0.0000000000, -0.3492582135
GOTO / -0.6653510128, 0.0445418718, -0.3492582135
GOTO / -0.7353418370, 0.0456752416, -0.3492582135
CIRCLE / 2.0920604679, -0.0001092258, -0.3492582135,  $
0.0000000000, -0.0000000000, 1.0000000000,  2.8277729773
GOTO / -0.7331393856, -0.1207151919, -0.3492582135
GOTO / 0.0383246180, -0.0534796283, -0.3492582135
GOTO / 0.0381645876, 0.0534935755, -0.3492582135
GOTO / -0.7331300862, 0.1207143815, -0.3492582135
GOTO / -0.7353418370, 0.0456752416, -0.3492582135
GOTO / -0.6656276626, 0.0191097129, -0.3492582135
GOTO / -0.6656276626, 0.0191097129, -0.4242582135
GOTO / -0.6656320949, -0.0191100992, -0.4242582135
GOTO / -0.4463619223, -0.0000000000, -0.4242582135
GOTO / -0.6656276626, 0.0191097129, -0.4242582135
GOTO / -0.7356249746, 0.0197231544, -0.4242582135
GOTO / -0.7337301399, -0.0953104083, -0.4242582135
GOTO / 0.0382847956, -0.0280268292, -0.4242582135
GOTO / 0.0381981035, 0.0280343847, -0.4242582135
GOTO / -0.7337087568, 0.0953085447, -0.4242582135
GOTO / -0.7356249746, 0.0197231544, -0.4242582135
GOTO / -0.7342850027, 0.0699024966, -0.4242582135
GOTO / -0.7342850027, 0.0699024966, -0.4992582135
CIRCLE / 0.9962739749, -0.0004036909, -0.4992582135,  $
0.0000000000, -0.0000000000, 1.0000000000,  1.7319865285
GOTO / -0.7343175012, -0.0699053289, -0.4992582135
GOTO / 0.0382454358, -0.0025739897, -0.4992582135
GOTO / 0.0382374740, 0.0025746836, -0.4992582135
GOTO / -0.7342850027, 0.0699024966, -0.4992582135
GOTO / -0.7342850027, 0.0699024966, 1.5000000000
ENDSUB 
DEFSUB / 7
RAPID 
GOTO / -0.2500000000, -1.9240168382, 1.5417629166,  $
-0.0000000000, -0.7803641487, 0.6253253517
FEDRAT / 10.000000,  IPM
GOTO / -0.2500000000, -1.7289258011, 1.3854315787,  $
-0.0000000000, -0.7803641487, 0.6253253517
GOTO / 1.1873319757, -1.7289258011, 1.3854315787,  $
-0.0000000000, -0.7803641487, 0.6253253517
GOTO / 1.1873319757, -1.6826843601, 1.3682412840,  $
-0.0000000000, -0.7758746853, 0.6308870522
GOTO / -0.2500000000, -1.6826850118, 1.3682415264,  $
-0.0000000000, -0.7758747502, 0.6308869724
GOTO / -0.2500000000, -1.6364558404, 1.3510411728,  $
-0.0000000000, -0.7711499808, 0.6366535220
GOTO / 1.1873319757, -1.6364547751, 1.3510407763,  $
-0.0000000000, -0.7711498691, 0.6366536574
GOTO / 1.1873319757, -1.5902378324, 1.3338295132,  $
-0.0000000000, -0.7661721729, 0.6426353565
GOTO / -0.2500000000, -1.5902392629, 1.3338300462,  $
-0.0000000000, -0.7661723311, 0.6426351679
GOTO / -0.2500000000, -1.5440359593, 1.3166075069,  $
-0.0000000000, -0.7609225971, 0.6488426629
GOTO / 1.1873319757, -1.5440344518, 1.3166069447,  $
-0.0000000000, -0.7609224211, 0.6488428693
GOTO / 1.1873319757, -1.4978459725, 1.2993726152,  $
-0.0000000000, -0.7553796402, 0.6552874172
GOTO / -0.2500000000, -1.4978472610, 1.2993730963,  $
-0.0000000000, -0.7553797992, 0.6552872339
GOTO / -0.2500000000, -1.4516743580, 1.2821262376,  $
-0.0000000000, -0.7495208887, 0.6619806926
GOTO / 1.1873319757, -1.4516735806, 1.2821259470,  $
-0.0000000000, -0.7495207872, 0.6619808075
GOTO / 1.1873319757, -1.4055184325, 1.2648662807,  $
-0.0000000000, -0.7433205237, 0.6689354222
GOTO / -0.2500000000, -1.4055186761, 1.2648663718,  $
-0.0000000000, -0.7433205573, 0.6689353848
GOTO / -0.2500000000, -1.3593817535, 1.2475929077,  $
-0.0000000000, -0.7367509603, 0.6761641978
GOTO / 1.1873319757, -1.3593816555, 1.2475928710,  $
-0.0000000000, -0.7367509460, 0.6761642135
GOTO / 1.1873319757, -1.3132647555, 1.2303050354,  $
-0.0000000000, -0.7297813439, 0.6836806199
GOTO / -0.2500000000, -1.3132651537, 1.2303051848,  $
-0.0000000000, -0.7297814059, 0.6836805537
GOTO / -0.2500000000, -1.2985361824, 1.2247789119,  $
-0.0000000000, -0.7274650176, 0.6861447720
GOTO / -0.2500000000, -1.2672130118, 1.2130184505,  $
-0.0000000000, -0.7223850627, 0.6914910131
GOTO / 1.1873319757, -1.2672114053, 1.2130178470,  $
-0.0000000000, -0.7223847966, 0.6914912911
GOTO / 1.1873319757, -1.2629285010, 1.2114089323,  $
-0.0000000000, -0.7216734292, 0.6922336756
GOTO / -0.2500000000, -1.2629285010, 1.2114089323,  $
-0.0000000000, -0.7216734292, 0.6922336756
GOTO / -0.2500000000, -1.2374371330, 1.2374366012,  $
-0.0000000000, -0.7071069331, 0.7071066293
GOTO / 1.1873319757, -1.2374372812, 1.2374364529,  $
-0.0000000000, -0.7071070178, 0.7071065445
GOTO / 1.1873319757, -1.2114089323, 1.2629285010,  $
-0.0000000000, -0.6922336756, 0.7216734292
GOTO / -0.2500000000, -1.2114089323, 1.2629285010,  $
-0.0000000000, -0.6922336756, 0.7216734292
GOTO / -0.2500000000, -1.2130258500, 1.2672327104,  $
-0.0000000000, -0.6914876050, 0.7223883250
GOTO / 1.1873319757, -1.2130250514, 1.2672305843,  $
-0.0000000000, -0.6914879729, 0.7223879729
GOTO / 1.1873319757, -1.2247789119, 1.2985361824,  $
-0.0000000000, -0.6861447720, 0.7274650176
GOTO / 1.1873319757, -1.2303073049, 1.3132708057,  $
-0.0000000000, -0.6836796141, 0.7297822862
GOTO / -0.2500000000, -1.2303079488, 1.3132725221,  $
-0.0000000000, -0.6836793288, 0.7297825535
GOTO / -0.2500000000, -1.2475954775, 1.3593886131,  $
-0.0000000000, -0.6761631018, 0.7367519663
GOTO / 1.1873319757, -1.2475949870, 1.3593873038,  $
-0.0000000000, -0.6761633110, 0.7367517743
GOTO / 1.1873319757, -1.2648682625, 1.4055237291,  $
-0.0000000000, -0.6689346085, 0.7433212560
GOTO / -0.2500000000, -1.2648686194, 1.4055246830,  $
-0.0000000000, -0.6689344620, 0.7433213878
GOTO / -0.2500000000, -1.2821280395, 1.4516791794,  $
-0.0000000000, -0.6619799802, 0.7495215179
GOTO / 1.1873319757, -1.2821278754, 1.4516787402,  $
-0.0000000000, -0.6619800451, 0.7495214606
GOTO / 1.1873319757, -1.2993744097, 1.4978507791,  $
-0.0000000000, -0.6552867337, 0.7553802332
GOTO / -0.2500000000, -1.2993743943, 1.4978507379,  $
-0.0000000000, -0.6552867395, 0.7553802281
GOTO / -0.2500000000, -1.3166083305, 1.5440381678,  $
-0.0000000000, -0.6488423606, 0.7609228549
GOTO / 1.1873319757, -1.3166084617, 1.5440385196,  $
-0.0000000000, -0.6488423124, 0.7609228960
GOTO / 1.1873319757, -1.3338306663, 1.5902409272,  $
-0.0000000000, -0.6426349485, 0.7661725152
GOTO / -0.2500000000, -1.3338305457, 1.5902406036,  $
-0.0000000000, -0.6426349912, 0.7661724794
GOTO / -0.2500000000, -1.3510414709, 1.6364566413,  $
-0.0000000000, -0.6366534203, 0.7711500648
GOTO / 1.1873319757, -1.3510415892, 1.6364569589,  $
-0.0000000000, -0.6366533799, 0.7711500981
GOTO / 1.1873319757, -1.3682416780, 1.6826854195,  $
-0.0000000000, -0.6308869225, 0.7758747908
GOTO / -0.2500000000, -1.3682416570, 1.6826853630,  $
-0.0000000000, -0.6308869294, 0.7758747852
GOTO / -0.2500000000, -1.3854315787, 1.7289258011,  $
-0.0000000000, -0.6253253517, 0.7803641487
GOTO / 1.1873319757, -1.3854315787, 1.7289258011,  $
-0.0000000000, -0.6253253517, 0.7803641487
GOTO / 1.1873319757, -2.4665052776, 2.8099995000,  $
-0.0000000000, -0.6253253517, 0.7803641487
ENDSUB 
DEFSUB / 9
RAPID 
GOTO / 1.9665624879, -1.7875945444, 1.3655673447,  $
0.0021181679, -0.7946598459, 0.6070512685
FEDRAT / 10.000000,  IPM
GOTO / 1.9660329459, -1.5889295829, 1.2138045276,  $
0.0021181679, -0.7946598459, 0.6070512685
GOTO / 2.5424171243, -1.3198407359, 1.0180123159,  $
0.0025286057, -0.7918233999, 0.6107448809
GOTO / 2.5339295711, -1.2762941294, 0.9960370236,  $
0.0026011422, -0.7883415710, 0.6152323151
GOTO / 1.9287064072, -1.5589498481, 1.2017380557,  $
0.0021508368, -0.7919966851, 0.6105216006
GOTO / 1.8914222963, -1.5289651541, 1.1896575060,  $
0.0021845003, -0.7892346527, 0.6140878528
GOTO / 2.5254490899, -1.2327492733, 0.9740436805,  $
0.0026778879, -0.7846258754, 0.6199637607
GOTO / 2.5169762254, -1.1892092170, 0.9520322248,  $
0.0027592072, -0.7806528942, 0.6249587550
GOTO / 1.8541723059, -1.4989719070, 1.1775614650,  $
0.0022192066, -0.7863679255, 0.6177544503
GOTO / 1.8169578112, -1.4689763141, 1.1654526913,  $
0.0022549949, -0.7833911686, 0.6215248925
GOTO / 2.5085119392, -1.1456796843, 0.9300037744,  $
0.0028455016, -0.7763963285, 0.6302385613
GOTO / 2.5000541251, -1.1021569628, 0.9079545764,  $
0.0029372398, -0.7718252108, 0.6358279772
GOTO / 1.7797710185, -1.4389787447, 1.1533317541,  $
0.0022919134, -0.7802980539, 0.6254036250
GOTO / 1.7426252636, -1.4089810925, 1.1411979732,  $
0.0023300123, -0.7770824617, 0.6293944858
GOTO / 2.4916038243, -1.0586401653, 0.8858818051,  $
0.0030349438, -0.7669044462, 0.6417541270
GOTO / 2.4831642025, -1.0151337552, 0.8637849593,  $
0.0031391897, -0.7615943860, 0.6480464001
GOTO / 1.7055317295, -1.3789832496, 1.1290498066,  $
0.0023693475, -0.7737376226, 0.6335017582
GOTO / 1.6684831715, -1.3489785192, 1.1168840016,  $
0.0024099866, -0.7702552063, 0.6377312202
GOTO / 2.4747370776, -0.9716380606, 0.8416611622,  $
0.0032506388, -0.7558487551, 0.6547381864
GOTO / 2.4663214239, -0.9281550088, 0.8195082639,  $
0.0033700365, -0.7496140004, 0.6618666734
GOTO / 1.6314684775, -1.3189663395, 1.1047008555,  $
0.0024519919, -0.7666266223, 0.6420884750
GOTO / 1.5944951706, -1.2889553820, 1.0925036941,  $
0.0024954169, -0.7628440002, 0.6465777636
GOTO / 2.4579177856, -0.8846904222, 0.7973255782,  $
0.0034982194, -0.7428284140, 0.6694727103
GOTO / 2.4495266320, -0.8412489382, 0.7751112889,  $
0.0036361443, -0.7354196756, 0.6776021541
GOTO / 1.5575574296, -1.2589433275, 1.0802913324,  $
0.0025403340, -0.7588974888, 0.6512051507
GOTO / 1.5528274569, -1.2609070311, 1.0817240554,  $
0.0133441610, -0.7589074135, 0.6510618029
GOTO / 2.4539477698, -0.8389382776, 0.7734195378,  $
0.0139459965, -0.7351620476, 0.6777479420
GOTO / 2.4554196386, -0.8381035464, 0.7728089293,  $
0.0202940778, -0.7350126652, 0.6777496089
GOTO / 2.3185558162, -0.9022584172, 0.8197744177,  $
0.0196960059, -0.7399844943, 0.6723354933
GOTO / 2.3185540608, -0.9022115366, 0.8198275008,  $
0.0196959779, -0.7399454382, 0.6723784775
GOTO / 1.6335240786, -1.2036138024, 1.0763559932,  $
0.0150163386, -0.7453300339, 0.6665265562
GOTO / 1.5525960785, -1.2399399103, 1.1058426303,  $
0.0146061821, -0.7462306872, 0.6655271752
GOTO / 1.5525960785, -1.2062103218, 1.1425390864,  $
0.0146061821, -0.7259312728, 0.6876121338
GOTO / 2.3329993509, -0.8744529592, 0.8373539993,  $
0.0198259570, -0.7221202504, 0.6914833877
GOTO / 2.4556117489, -0.8242296890, 0.7873993800,  $
0.0210058800, -0.7229178474, 0.6906146095
GOTO / 2.4556117489, -0.8036312705, 0.8084114948,  $
0.0210058800, -0.7048513248, 0.7090439782
GOTO / 2.0425345527, -0.9711976766, 0.9782539350,  $
0.0174985406, -0.7044348404, 0.7095529274
GOTO / 1.5525960785, -1.1714699273, 1.1781328930,  $
0.0146061821, -0.7050235270, 0.7090334871
GOTO / 1.5525960785, -1.1356765472, 1.2126737749,  $
0.0146061821, -0.6834820649, 0.7298211606
GOTO / 2.4556117489, -0.7823209341, 0.8290514580,  $
0.0210058800, -0.6861603910, 0.7271469390
GOTO / 2.4556117489, -0.7604951737, 0.8491168675,  $
0.0210058800, -0.6670173876, 0.7447459685
GOTO / 1.6813764404, -1.0516303806, 1.1886221538,  $
0.0152695924, -0.6625521074, 0.7488601635
GOTO / 1.5525960785, -1.0989381624, 1.2460633289,  $
0.0146061821, -0.6613718723, 0.7499159326
GOTO / 1.5525960785, -1.0612054017, 1.2783512818,  $
0.0146061821, -0.6386632365, 0.7693477301
GOTO / 1.8747516480, -0.9479826671, 1.1305199646,  $
0.0163871871, -0.6424482939, 0.7661538029
GOTO / 2.3358259370, -0.7822017798, 0.9219758018,  $
0.0198519804, -0.6468111394, 0.7623917948
GOTO / 2.3358276645, -0.7821480829, 0.9220200522,  $
0.0198520027, -0.6467672681, 0.7624290123
GOTO / 2.4554853271, -0.7430631828, 0.8645259713,  $
0.0205567666, -0.6516850994, 0.7582110198
GOTO / 2.4540567560, -0.7436268700, 0.8653558828,  $
0.0144112692, -0.6516797313, 0.7583573321
GOTO / 1.5528428296, -1.0370559234, 1.2978844167,  $
0.0132911867, -0.6241804203, 0.7811671699
GOTO / 1.5575574224, -1.0356967560, 1.2958780431,  $
0.0025403300, -0.6243233106, 0.7811619234
GOTO / 2.4495266578, -0.7452799150, 0.8677874622,  $
0.0036361668, -0.6515235858, 0.7586196645
GOTO / 2.4579180418, -0.7659652492, 0.9119791029,  $
0.0034982153, -0.6431403006, 0.7657403713
GOTO / 1.5944991880, -1.0468554884, 1.3263013212,  $
0.0024954121, -0.6195605044, 0.7849449371
GOTO / 1.6314758013, -1.0579988447, 1.3567223868,  $
0.0024519834, -0.6149415482, 0.7885688810
GOTO / 2.4663215998, -0.7866173305, 0.9561909525,  $
0.0033700340, -0.6353021722, 0.7722563000
GOTO / 2.4747369896, -0.8072385503, 1.0004192535,  $
0.0032506400, -0.6279606708, 0.7782382857
GOTO / 1.6684926250, -1.0691277933, 1.3871432120,  $
0.0024099760, -0.6104600857, 0.7920433547
GOTO / 1.7055440572, -1.0802398910, 1.4175565928,  $
0.0023693342, -0.6061113677, 0.7953762608
GOTO / 2.4831643047, -0.8278313572, 1.0446615600,  $
0.0031391884, -0.6210722861, 0.7837470006
GOTO / 2.4916038898, -0.8483963003, 1.0889124426,  $
0.0030349430, -0.6145985599, 0.7888342027
GOTO / 1.7426386465, -1.0913340520, 1.4479609750,  $
0.0023299983, -0.6018897891, 0.7985757653
GOTO / 1.7797839137, -1.1024133832, 1.4783634033,  $
0.0022919003, -0.5977892344, 0.8016500349
GOTO / 2.5000541179, -0.8689367343, 1.1331726789,  $
0.0029372398, -0.6085043416, 0.7935451083
GOTO / 2.5085121239, -0.8894540444, 1.1774393970,  $
0.0028454996, -0.6027586741, 0.7979184695
GOTO / 1.8169706060, -1.1134799990, 1.5087656216,  $
0.0022549824, -0.5938049681, 0.8046058507
GOTO / 1.8541835648, -1.1245341025, 1.5391642692,  $
0.0022191959, -0.5899331317, 0.8074490543
GOTO / 2.5169763690, -0.9099498168, 1.2217109794,  $
0.0027592058, -0.5973335645, 0.8019881542
GOTO / 2.5254490612, -0.9304279208, 1.2659917999,  $
0.0026778881, -0.5922030643, 0.8057843133
GOTO / 1.8914306023, -1.1355751438, 1.5695589720,  $
0.0021844927, -0.5861690477, 0.8101858278
GOTO / 1.9287108517, -1.1466007372, 1.5999438513,  $
0.0021508329, -0.5825089715, 0.8128214269
GOTO / 2.5339294982, -0.9508880662, 1.3102774558,  $
0.0026011428, -0.5873448487, 0.8093326033
GOTO / 2.5424171243, -0.9713303929, 1.3545648421,  $
0.0025286057, -0.5827385935, 0.8126557314
GOTO / 1.9660329459, -1.1576122680, 1.6303228171,  $
0.0021181679, -0.5789482406, 0.8153615444
GOTO / 2.7242358775, -2.0839426340, 2.5895659917,  $
0.0021181679, -0.5789482406, 0.8153615444
ENDSUB 
ROTATE / AAXIS,  INCR,  -45.000000,  CCLW
TRANS / 0.0000000000, 0.0000000000, 2.2307509381
LOADTL / 1
$$-> CUTTER / 0.250000
$$-> CSYS / 1.0000000000, 0.0000000000, 0.0000000000, 0.0000000000,  $
            0.0000000000, 0.7071067812, -0.7071067812, -1.5773791155,  $
            0.0000000000, 0.7071067812, 0.7071067812, 1.5773791155
SPINDL / RPM, 450.000000,  CLW
COOLNT / FLOOD
RAPID 
GOTO / 0.9123319757, 0.0018573451, 1.5000000000,  $
0.0000000000, 0.0000000000, 1.0000000000
CALSUB / 6
TRANS / 0.0000000000, -0.0000000000, -2.2307509381
TRANS / 0.0000000000, 0.0000000000, 0.0000000000
$$-> END / 
$$-> FEATNO / 1784
ROTATE / AAXIS,  INCR,  -25.710000,  CCLW
TRANS / 0.0000000000, 0.0000000000, 2.2307509381
$$-> CSYS / 1.0000000000, 0.0000000000, 0.0000000000, 0.0000000000,  $
            0.0000000000, 0.3303496633, -0.9438586229, -2.1055135084,  $
            0.0000000000, 0.9438586229, 0.3303496633, 0.7369278214
RAPID 
GOTO / 0.9123319757, 0.0018573451, 1.5000000000,  $
0.0000000000, 0.0000000000, 1.0000000000
CALSUB / 6
TRANS / 0.0000000000, -0.0000000000, -2.2307509381
TRANS / 0.0000000000, 0.0000000000, 0.0000000000
$$-> END / 
$$-> FEATNO / 1784
ROTATE / AAXIS,  INCR,  -25.710000,  CCLW
TRANS / 0.0000000000, 0.0000000000, 2.2307509381
$$-> CSYS / 1.0000000000, 0.0000000000, 0.0000000000, 0.0000000000,  $
            0.0000000000, -0.1118158159, -0.9937289486, -2.2167617843,  $
            0.0000000000, 0.9937289486, -0.1118158159, -0.2494332361
RAPID 
GOTO / 0.9123319757, 0.0018573451, 1.5000000000,  $
0.0000000000, 0.0000000000, 1.0000000000
CALSUB / 6
TRANS / 0.0000000000, -0.0000000000, -2.2307509381
TRANS / 0.0000000000, 0.0000000000, 0.0000000000
$$-> END / 
$$-> FEATNO / 1784
ROTATE / AAXIS,  INCR,  -25.710000,  CCLW
TRANS / 0.0000000000, 0.0000000000, 2.2307509381
$$-> CSYS / 1.0000000000, 0.0000000000, 0.0000000000, 0.0000000000,  $
            0.0000000000, -0.5318420587, -0.8468435656, -1.8890970784,  $
            0.0000000000, 0.8468435656, -0.5318420587, -1.1864071713
RAPID 
GOTO / 0.9123319757, 0.0018573451, 1.5000000000,  $
0.0000000000, 0.0000000000, 1.0000000000
CALSUB / 6
TRANS / 0.0000000000, -0.0000000000, -2.2307509381
TRANS / 0.0000000000, 0.0000000000, 0.0000000000
$$-> END / 
$$-> FEATNO / 1784
ROTATE / AAXIS,  INCR,  -25.710000,  CCLW
TRANS / 0.0000000000, 0.0000000000, 2.2307509381
$$-> CSYS / 1.0000000000, 0.0000000000, 0.0000000000, 0.0000000000,  $
            0.0000000000, -0.8465649777, -0.5322853920, -1.1873961375,  $
            0.0000000000, 0.5322853920, -0.8465649777, -1.8884756182
RAPID 
GOTO / 0.9123319757, 0.0018573451, 1.5000000000,  $
0.0000000000, 0.0000000000, 1.0000000000
CALSUB / 6
TRANS / 0.0000000000, -0.0000000000, -2.2307509381
TRANS / 0.0000000000, 0.0000000000, 0.0000000000
$$-> END / 
$$-> FEATNO / 1784
ROTATE / AAXIS,  INCR,  -25.710000,  CCLW
TRANS / 0.0000000000, 0.0000000000, 2.2307509381
$$-> CSYS / 1.0000000000, 0.0000000000, 0.0000000000, 0.0000000000,  $
            0.0000000000, -0.9936702658, -0.1123361158, -0.2505938956,  $
            0.0000000000, 0.1123361158, -0.9936702658, -2.2166308775
RAPID 
GOTO / 0.9123319757, 0.0018573451, 1.5000000000,  $
0.0000000000, 0.0000000000, 1.0000000000
CALSUB / 6
TRANS / 0.0000000000, -0.0000000000, -2.2307509381
TRANS / 0.0000000000, 0.0000000000, 0.0000000000
$$-> END / 
$$-> FEATNO / 1784
ROTATE / AAXIS,  INCR,  -25.710000,  CCLW
TRANS / 0.0000000000, 0.0000000000, 2.2307509381
$$-> CSYS / 1.0000000000, 0.0000000000, 0.0000000000, 0.0000000000,  $
            0.0000000000, -0.9440314641, 0.3298554149, 0.7358252761,  $
            0.0000000000, -0.3298554149, -0.9440314641, -2.1058990742
RAPID 
GOTO / 0.9123319757, 0.0018573451, 1.5000000000,  $
0.0000000000, 0.0000000000, 1.0000000000
CALSUB / 6
TRANS / 0.0000000000, -0.0000000000, -2.2307509381
TRANS / 0.0000000000, 0.0000000000, 0.0000000000
$$-> END / 
$$-> FEATNO / 1784
ROTATE / AAXIS,  INCR,  -25.710000,  CCLW
TRANS / 0.0000000000, 0.0000000000, 2.2307509381
$$-> CSYS / 1.0000000000, 0.0000000000, 0.0000000000, 0.0000000000,  $
            0.0000000000, -0.7074769245, 0.7067364440, 1.5765529855,  $
            0.0000000000, -0.7067364440, -0.7074769245, -1.5782048130
RAPID 
GOTO / 0.9123319757, 0.0018573451, 1.5000000000,  $
0.0000000000, 0.0000000000, 1.0000000000
CALSUB / 6
TRANS / 0.0000000000, -0.0000000000, -2.2307509381
TRANS / 0.0000000000, 0.0000000000, 0.0000000000
$$-> END / 
$$-> FEATNO / 1784
ROTATE / AAXIS,  INCR,  -25.710000,  CCLW
TRANS / 0.0000000000, 0.0000000000, 2.2307509381
$$-> CSYS / 1.0000000000, 0.0000000000, 0.0000000000, 0.0000000000,  $
            0.0000000000, -0.3308438213, 0.9436855228, 2.1051273652,  $
            0.0000000000, -0.9436855228, -0.3308438213, -0.7380301646
RAPID 
GOTO / 0.9123319757, 0.0018573451, 1.5000000000,  $
0.0000000000, 0.0000000000, 1.0000000000
CALSUB / 6
TRANS / 0.0000000000, 0.0000000000, -2.2307509381
TRANS / 0.0000000000, 0.0000000000, 0.0000000000
$$-> END / 
$$-> FEATNO / 1784
ROTATE / AAXIS,  INCR,  -25.710000,  CCLW
TRANS / 0.0000000000, 0.0000000000, 2.2307509381
$$-> CSYS / 1.0000000000, 0.0000000000, 0.0000000000, 0.0000000000,  $
            0.0000000000, 0.1112954853, 0.9937873590, 2.2168920834,  $
            0.0000000000, -0.9937873590, 0.1112954853, 0.2482725082
RAPID 
GOTO / 0.9123319757, 0.0018573451, 1.5000000000,  $
0.0000000000, 0.0000000000, 1.0000000000
CALSUB / 6
TRANS / 0.0000000000, -0.0000000000, -2.2307509381
TRANS / 0.0000000000, 0.0000000000, 0.0000000000
$$-> END / 
$$-> FEATNO / 1784
ROTATE / AAXIS,  INCR,  -25.710000,  CCLW
TRANS / 0.0000000000, 0.0000000000, 2.2307509381
$$-> CSYS / 1.0000000000, 0.0000000000, 0.0000000000, 0.0000000000,  $
            0.0000000000, 0.5313985795, 0.8471219214, 1.8897180208,  $
            0.0000000000, -0.8471219214, 0.5313985795, 1.1854178798
RAPID 
GOTO / 0.9123319757, 0.0018573451, 1.5000000000,  $
0.0000000000, 0.0000000000, 1.0000000000
CALSUB / 6
TRANS / 0.0000000000, -0.0000000000, -2.2307509381
TRANS / 0.0000000000, 0.0000000000, 0.0000000000
$$-> END / 
$$-> FEATNO / 1784
ROTATE / AAXIS,  INCR,  -25.710000,  CCLW
TRANS / 0.0000000000, -0.0000000000, 2.2307509381
$$-> CSYS / 1.0000000000, 0.0000000000, 0.0000000000, 0.0000000000,  $
            0.0000000000, 0.8462861577, 0.5327285794, 1.1883847782,  $
            0.0000000000, -0.5327285794, 0.8462861577, 1.8878536402
RAPID 
GOTO / 0.9123319757, 0.0018573451, 1.5000000000,  $
0.0000000000, 0.0000000000, 1.0000000000
CALSUB / 6
TRANS / 0.0000000000, 0.0000000000, -2.2307509381
TRANS / 0.0000000000, 0.0000000000, 0.0000000000
$$-> END / 
$$-> FEATNO / 1784
ROTATE / AAXIS,  INCR,  -25.710000,  CCLW
TRANS / 0.0000000000, -0.0000000000, 2.2307509381
$$-> CSYS / 1.0000000000, 0.0000000000, 0.0000000000, 0.0000000000,  $
            0.0000000000, 0.9936113105, 0.1128563849, 0.2517544864,  $
            0.0000000000, -0.1128563849, 0.9936113105, 2.2164993630
RAPID 
GOTO / 0.9123319757, 0.0018573451, 1.5000000000,  $
0.0000000000, 0.0000000000, 1.0000000000
CALSUB / 6
TRANS / 0.0000000000, 0.0000000000, -2.2307509381
TRANS / 0.0000000000, 0.0000000000, 0.0000000000
$$-> END / 
$$-> FEATNO / 1784
ROTATE / AAXIS,  INCR,  -25.710000,  CCLW
TRANS / 0.0000000000, 0.0000000000, 2.2307509381
$$-> CSYS / 1.0000000000, 0.0000000000, 0.0000000000, 0.0000000000,  $
            0.0000000000, 0.9442040466, -0.3293610759, -0.7347225291,  $
            0.0000000000, 0.3293610759, 0.9442040466, 2.1062840627
RAPID 
GOTO / 0.9123319757, 0.0018573451, 1.5000000000,  $
0.0000000000, 0.0000000000, 1.0000000000
CALSUB / 6
TRANS / 0.0000000000, -0.0000000000, -2.2307509381
TRANS / 0.0000000000, 0.0000000000, 0.0000000000
$$-> END / 
$$-> FEATNO / 4903
ROTATE / AAXIS,  INCR,  -24.770000,  CCLW
ROTATE / BAXIS,  INCR,  -29.621652,  CCLW
TRANS / 1.3747966612, -0.0000000000, 2.7172986675
$$-> CSYS / 0.8693082085, 0.0000000000, 0.4942704104, 2.5382023502,  $
            0.3433490779, 0.7193398003, -0.6038722236, -1.1688660225,  $
            -0.3555483783, 0.6946583705, 0.6253279931, 1.2103961991
RAPID 
GOTO / -0.5843676560, 0.0690436456, 1.5000000000,  $
0.0000000000, 0.0000000000, 1.0000000000
CALSUB / 8
TRANS / -1.3747966612, 0.0000000000, -2.7172986675
TRANS / 0.0000000000, 0.0000000000, 0.0000000000
$$-> END / 
$$-> FEATNO / 4903
ROTATE / AAXIS,  INCR,  -25.809226,  CCLW
ROTATE / BAXIS,  INCR,  -3.300074,  CCLW
ROTATE / CAXIS,  INCR,  -14.332327,  CCLW
TRANS / 1.3747966612, 0.0000000000, 2.7172986675
$$-> CSYS / 0.8693082085, 0.0000000000, 0.4942704104, 2.5382023502,  $
            0.4751232130, 0.2756373558, -0.8356326828, -1.6174657687,  $
            -0.1362393890, 0.9612616959, 0.2396138160, 0.4638008458
RAPID 
GOTO / -0.5843676560, 0.0690436456, 1.5000000000,  $
0.0000000000, 0.0000000000, 1.0000000000
CALSUB / 8
TRANS / -1.3747966612, -0.0000000000, -2.7172986675
TRANS / 0.0000000000, 0.0000000000, 0.0000000000
$$-> END / 
$$-> FEATNO / 4903
ROTATE / AAXIS,  INCR,  -25.809226,  CCLW
ROTATE / BAXIS,  INCR,  -3.300074,  CCLW
ROTATE / CAXIS,  INCR,  -14.332327,  CCLW
TRANS / 1.3747966612, 0.0000000000, 2.7172986675
$$-> CSYS / 0.8693082085, 0.0000000000, 0.4942704104, 2.5382023502,  $
            0.4795884668, -0.2419218956, -0.8434860395, -1.6326668683,  $
            0.1195748346, 0.9702957263, -0.2103046897, -0.4070695696
RAPID 
GOTO / -0.5843676560, 0.0690436456, 1.5000000000,  $
0.0000000000, 0.0000000000, 1.0000000000
CALSUB / 8
TRANS / -1.3747966612, -0.0000000000, -2.7172986675
TRANS / 0.0000000000, 0.0000000000, 0.0000000000
$$-> END / 
$$-> FEATNO / 4903
ROTATE / AAXIS,  INCR,  -25.809226,  CCLW
ROTATE / BAXIS,  INCR,  -3.300074,  CCLW
ROTATE / CAXIS,  INCR,  -14.332327,  CCLW
TRANS / 1.3747966612, 0.0000000000, 2.7172986675
$$-> CSYS / 0.8693082085, 0.0000000000, 0.4942704104, 2.5382023502,  $
            0.3555483783, -0.6946583705, -0.6253279931, -1.2103961991,  $
            0.3433490779, 0.7193398003, -0.6038722236, -1.1688660225
RAPID 
GOTO / -0.5843676560, 0.0690436456, 1.5000000000,  $
0.0000000000, 0.0000000000, 1.0000000000
CALSUB / 8
TRANS / -1.3747966612, -0.0000000000, -2.7172986675
TRANS / 0.0000000000, 0.0000000000, 0.0000000000
$$-> END / 
$$-> FEATNO / 4903
ROTATE / AAXIS,  INCR,  -25.809226,  CCLW
ROTATE / BAXIS,  INCR,  -3.300074,  CCLW
ROTATE / CAXIS,  INCR,  -14.332327,  CCLW
TRANS / 1.3747966612, 0.0000000000, 2.7172986675
$$-> CSYS / 0.8693082085, 0.0000000000, 0.4942704104, 2.5382023502,  $
            0.1362393890, -0.9612616959, -0.2396138160, -0.4638008458,  $
            0.4751232130, 0.2756373558, -0.8356326828, -1.6174657687
RAPID 
GOTO / -0.5843676560, 0.0690436456, 1.5000000000,  $
0.0000000000, 0.0000000000, 1.0000000000
CALSUB / 8
TRANS / -1.3747966612, -0.0000000000, -2.7172986675
TRANS / 0.0000000000, 0.0000000000, 0.0000000000
$$-> END / 
$$-> FEATNO / 4903
ROTATE / AAXIS,  INCR,  -25.809226,  CCLW
ROTATE / BAXIS,  INCR,  -3.300074,  CCLW
ROTATE / CAXIS,  INCR,  -14.332327,  CCLW
TRANS / 1.3747966612, 0.0000000000, 2.7172986675
$$-> CSYS / 0.8693082085, 0.0000000000, 0.4942704104, 2.5382023502,  $
            -0.1195748346, -0.9702957263, 0.2103046897, 0.4070695696,  $
            0.4795884668, -0.2419218956, -0.8434860395, -1.6326668683
RAPID 
GOTO / -0.5843676560, 0.0690436456, 1.5000000000,  $
0.0000000000, 0.0000000000, 1.0000000000
CALSUB / 8
TRANS / -1.3747966612, -0.0000000000, -2.7172986675
TRANS / 0.0000000000, 0.0000000000, 0.0000000000
$$-> END / 
$$-> FEATNO / 4903
ROTATE / AAXIS,  INCR,  -25.809226,  CCLW
ROTATE / BAXIS,  INCR,  -3.300074,  CCLW
ROTATE / CAXIS,  INCR,  -14.332327,  CCLW
TRANS / 1.3747966612, 0.0000000000, 2.7172986675
$$-> CSYS / 0.8693082085, 0.0000000000, 0.4942704104, 2.5382023502,  $
            -0.3433490779, -0.7193398003, 0.6038722236, 1.1688660225,  $
            0.3555483783, -0.6946583705, -0.6253279931, -1.2103961991
RAPID 
GOTO / -0.5843676560, 0.0690436456, 1.5000000000,  $
0.0000000000, 0.0000000000, 1.0000000000
CALSUB / 8
TRANS / -1.3747966612, -0.0000000000, -2.7172986675
TRANS / 0.0000000000, 0.0000000000, 0.0000000000
$$-> END / 
$$-> FEATNO / 4903
ROTATE / AAXIS,  INCR,  -25.809226,  CCLW
ROTATE / BAXIS,  INCR,  -3.300074,  CCLW
ROTATE / CAXIS,  INCR,  -14.332327,  CCLW
TRANS / 1.3747966612, -0.0000000000, 2.7172986675
$$-> CSYS / 0.8693082085, 0.0000000000, 0.4942704104, 2.5382023502,  $
            -0.4751232130, -0.2756373558, 0.8356326828, 1.6174657687,  $
            0.1362393890, -0.9612616959, -0.2396138160, -0.4638008458
RAPID 
GOTO / -0.5843676560, 0.0690436456, 1.5000000000,  $
0.0000000000, 0.0000000000, 1.0000000000
CALSUB / 8
TRANS / -1.3747966612, 0.0000000000, -2.7172986675
TRANS / 0.0000000000, 0.0000000000, 0.0000000000
$$-> END / 
$$-> FEATNO / 4903
ROTATE / AAXIS,  INCR,  -25.809226,  CCLW
ROTATE / BAXIS,  INCR,  -3.300074,  CCLW
ROTATE / CAXIS,  INCR,  -14.332327,  CCLW
TRANS / 1.3747966612, -0.0000000000, 2.7172986675
$$-> CSYS / 0.8693082085, 0.0000000000, 0.4942704104, 2.5382023502,  $
            -0.4795884668, 0.2419218956, 0.8434860395, 1.6326668683,  $
            -0.1195748346, -0.9702957263, 0.2103046897, 0.4070695696
RAPID 
GOTO / -0.5843676560, 0.0690436456, 1.5000000000,  $
0.0000000000, 0.0000000000, 1.0000000000
CALSUB / 8
TRANS / -1.3747966612, 0.0000000000, -2.7172986675
TRANS / 0.0000000000, 0.0000000000, 0.0000000000
$$-> END / 
$$-> FEATNO / 4903
ROTATE / AAXIS,  INCR,  -25.809226,  CCLW
ROTATE / BAXIS,  INCR,  -3.300074,  CCLW
ROTATE / CAXIS,  INCR,  -14.332327,  CCLW
TRANS / 1.3747966612, 0.0000000000, 2.7172986675
$$-> CSYS / 0.8693082085, 0.0000000000, 0.4942704104, 2.5382023502,  $
            -0.3555483783, 0.6946583705, 0.6253279931, 1.2103961991,  $
            -0.3433490779, -0.7193398003, 0.6038722236, 1.1688660225
RAPID 
GOTO / -0.5843676560, 0.0690436456, 1.5000000000,  $
0.0000000000, 0.0000000000, 1.0000000000
CALSUB / 8
TRANS / -1.3747966612, -0.0000000000, -2.7172986675
TRANS / 0.0000000000, 0.0000000000, 0.0000000000
$$-> END / 
$$-> FEATNO / 4903
ROTATE / AAXIS,  INCR,  -25.809226,  CCLW
ROTATE / BAXIS,  INCR,  -3.300074,  CCLW
ROTATE / CAXIS,  INCR,  -14.332327,  CCLW
TRANS / 1.3747966612, 0.0000000000, 2.7172986675
$$-> CSYS / 0.8693082085, 0.0000000000, 0.4942704104, 2.5382023502,  $
            -0.1362393890, 0.9612616959, 0.2396138160, 0.4638008458,  $
            -0.4751232130, -0.2756373558, 0.8356326828, 1.6174657687
RAPID 
GOTO / -0.5843676560, 0.0690436456, 1.5000000000,  $
0.0000000000, 0.0000000000, 1.0000000000
CALSUB / 8
TRANS / -1.3747966612, -0.0000000000, -2.7172986675
TRANS / 0.0000000000, 0.0000000000, 0.0000000000
$$-> END / 
$$-> FEATNO / 4903
ROTATE / AAXIS,  INCR,  -25.809226,  CCLW
ROTATE / BAXIS,  INCR,  -3.300074,  CCLW
ROTATE / CAXIS,  INCR,  -14.332327,  CCLW
TRANS / 1.3747966612, -0.0000000000, 2.7172986675
$$-> CSYS / 0.8693082085, 0.0000000000, 0.4942704104, 2.5382023502,  $
            0.1195748346, 0.9702957263, -0.2103046897, -0.4070695696,  $
            -0.4795884668, 0.2419218956, 0.8434860395, 1.6326668683
RAPID 
GOTO / -0.5843676560, 0.0690436456, 1.5000000000,  $
0.0000000000, 0.0000000000, 1.0000000000
CALSUB / 8
TRANS / -1.3747966612, 0.0000000000, -2.7172986675
TRANS / 0.0000000000, 0.0000000000, 0.0000000000
$$-> END / 
$$-> FEATNO / 1892
ROTATE / AAXIS,  INCR,  16.003525,  CCLW
ROTATE / BAXIS,  INCR,  28.658528,  CCLW
ROTATE / CAXIS,  INCR,  7.831985,  CCLW
COOLNT / OFF
SPINDL / OFF
LOADTL / 2
$$-> CUTTER / 0.100000
$$-> CSYS / 1.0000000000, 0.0000000000, 0.0000000000, 0.0000000000,  $
            0.0000000000, 0.7071067812, -0.7071067812, -1.5773791155,  $
            0.0000000000, 0.7071067812, 0.7071067812, 1.5773791155
SPINDL / RPM, 450.000000,  CLW
MULTAX / ON
COOLNT / FLOOD
RAPID 
GOTO / -0.2500000000, -2.8293793496, 2.4471254280,  $
-0.0000000000, -0.7803641487, 0.6253253517
CALSUB / 7
$$-> END / 
$$-> FEATNO / 1892
ROTATE / AAXIS,  INCR,  -25.710000,  CCLW
$$-> CSYS / 1.0000000000, 0.0000000000, 0.0000000000, 0.0000000000,  $
            0.0000000000, 0.3303496633, -0.9438586229, -2.1055135084,  $
            0.0000000000, 0.9438586229, 0.3303496633, 0.7369278214
MULTAX / ON
RAPID 
GOTO / -0.2500000000, -2.8293793496, 2.4471254280,  $
-0.0000000000, -0.7803641487, 0.6253253517
CALSUB / 7
$$-> END / 
$$-> FEATNO / 1892
ROTATE / AAXIS,  INCR,  -25.710000,  CCLW
$$-> CSYS / 1.0000000000, 0.0000000000, 0.0000000000, 0.0000000000,  $
            0.0000000000, -0.1118158159, -0.9937289486, -2.2167617843,  $
            0.0000000000, 0.9937289486, -0.1118158159, -0.2494332361
MULTAX / ON
RAPID 
GOTO / -0.2500000000, -2.8293793496, 2.4471254280,  $
-0.0000000000, -0.7803641487, 0.6253253517
CALSUB / 7
$$-> END / 
$$-> FEATNO / 1892
ROTATE / AAXIS,  INCR,  -25.710000,  CCLW
$$-> CSYS / 1.0000000000, 0.0000000000, 0.0000000000, 0.0000000000,  $
            0.0000000000, -0.5318420587, -0.8468435656, -1.8890970784,  $
            0.0000000000, 0.8468435656, -0.5318420587, -1.1864071713
MULTAX / ON
RAPID 
GOTO / -0.2500000000, -2.8293793496, 2.4471254280,  $
0.0000000000, -0.7803641487, 0.6253253517
CALSUB / 7
$$-> END / 
$$-> FEATNO / 1892
ROTATE / AAXIS,  INCR,  -25.710000,  CCLW
$$-> CSYS / 1.0000000000, 0.0000000000, 0.0000000000, 0.0000000000,  $
            0.0000000000, -0.8465649777, -0.5322853920, -1.1873961375,  $
            0.0000000000, 0.5322853920, -0.8465649777, -1.8884756182
MULTAX / ON
RAPID 
GOTO / -0.2500000000, -2.8293793496, 2.4471254280,  $
0.0000000000, -0.7803641487, 0.6253253517
CALSUB / 7
$$-> END / 
$$-> FEATNO / 1892
ROTATE / AAXIS,  INCR,  -25.710000,  CCLW
$$-> CSYS / 1.0000000000, 0.0000000000, 0.0000000000, 0.0000000000,  $
            0.0000000000, -0.9936702658, -0.1123361158, -0.2505938956,  $
            0.0000000000, 0.1123361158, -0.9936702658, -2.2166308775
MULTAX / ON
RAPID 
GOTO / -0.2500000000, -2.8293793496, 2.4471254280,  $
0.0000000000, -0.7803641487, 0.6253253517
CALSUB / 7
$$-> END / 
$$-> FEATNO / 1892
ROTATE / AAXIS,  INCR,  -25.710000,  CCLW
$$-> CSYS / 1.0000000000, 0.0000000000, 0.0000000000, 0.0000000000,  $
            0.0000000000, -0.9440314641, 0.3298554149, 0.7358252761,  $
            0.0000000000, -0.3298554149, -0.9440314641, -2.1058990742
MULTAX / ON
RAPID 
GOTO / -0.2500000000, -2.8293793496, 2.4471254280,  $
0.0000000000, -0.7803641487, 0.6253253517
CALSUB / 7
$$-> END / 
$$-> FEATNO / 1892
ROTATE / AAXIS,  INCR,  -25.710000,  CCLW
$$-> CSYS / 1.0000000000, 0.0000000000, 0.0000000000, 0.0000000000,  $
            0.0000000000, -0.7074769245, 0.7067364440, 1.5765529855,  $
            0.0000000000, -0.7067364440, -0.7074769245, -1.5782048130
MULTAX / ON
RAPID 
GOTO / -0.2500000000, -2.8293793496, 2.4471254280,  $
0.0000000000, -0.7803641487, 0.6253253517
CALSUB / 7
$$-> END / 
$$-> FEATNO / 1892
ROTATE / AAXIS,  INCR,  -25.710000,  CCLW
$$-> CSYS / 1.0000000000, 0.0000000000, 0.0000000000, 0.0000000000,  $
            0.0000000000, -0.3308438213, 0.9436855228, 2.1051273652,  $
            0.0000000000, -0.9436855228, -0.3308438213, -0.7380301646
MULTAX / ON
RAPID 
GOTO / -0.2500000000, -2.8293793496, 2.4471254280,  $
0.0000000000, -0.7803641487, 0.6253253517
CALSUB / 7
$$-> END / 
$$-> FEATNO / 1892
ROTATE / AAXIS,  INCR,  -25.710000,  CCLW
$$-> CSYS / 1.0000000000, 0.0000000000, 0.0000000000, 0.0000000000,  $
            0.0000000000, 0.1112954853, 0.9937873590, 2.2168920834,  $
            0.0000000000, -0.9937873590, 0.1112954853, 0.2482725082
MULTAX / ON
RAPID 
