$$*          Pro/CLfile  Version 19.0 - 9733
$$-> MFGNO / MILL_TOOTH_CONE
PARTNO / CONE_CASTING
$$-> FEATNO / 1784
MACHIN / MILL, 01
UNITS / INCHES
DEFSUB / 6
RAPID 
GOTO / 0.9123319757, 0.0018573451, 0.6037176350
FEDRAT / 10.000000,  IPM
GOTO / 0.9123319757, 0.0018573451, -0.0750000000
GOTO / 0.0250000000, 0.0018573451, -0.0750000000
GOTO / 0.0250000000, -0.0018573451, -0.0750000000
GOTO / 0.9123319757, -0.0018573451, -0.0750000000
GOTO / 0.9123319757, 0.1418573451, -0.0750000000
GOTO / -0.1150000000, 0.1418573451, -0.0750000000
GOTO / -0.1150000000, -0.1418573451, -0.0750000000
GOTO / 1.0523319757, -0.1418573451, -0.0750000000
GOTO / 1.0523319757, 0.1418573451, -0.0750000000
GOTO / 0.9123319757, 0.1418573451, -0.0750000000
GOTO / 0.9823319757, 0.0368842707, -0.0750000000
GOTO / 0.9823319757, 0.0368842707, -0.1500000000
GOTO / -0.0450000000, 0.0368842707, -0.1500000000
GOTO / -0.0450000000, -0.0368842707, -0.1500000000
GOTO / 0.9823319757, -0.0368842707, -0.1500000000
GOTO / 0.9823319757, 0.1068842707, -0.1500000000
GOTO / -0.1150000000, 0.1068842707, -0.1500000000
GOTO / -0.1150000000, -0.1068842707, -0.1500000000
GOTO / 1.0523319757, -0.1068842707, -0.1500000000
GOTO / 1.0523319757, 0.1068842707, -0.1500000000
GOTO / 0.9823319757, 0.1068842707, -0.1500000000
GOTO / 0.9823319757, 0.0019111964, -0.1500000000
GOTO / 0.9823319757, 0.0019111964, -0.2250000000
GOTO / -0.0450000000, 0.0019111964, -0.2250000000
GOTO / -0.0450000000, -0.0019111964, -0.2250000000
GOTO / 0.9823319757, -0.0019111964, -0.2250000000
GOTO / 0.9823319757, 0.0719111964, -0.2250000000
GOTO / -0.1150000000, 0.0719111964, -0.2250000000
GOTO / -0.1150000000, -0.0719111964, -0.2250000000
GOTO / 1.0523319757, -0.0719111964, -0.2250000000
GOTO / 1.0523319757, 0.0719111964, -0.2250000000
GOTO / 0.9823319757, 0.0719111964, -0.2250000000
GOTO / 1.0523319757, 0.0369381220, -0.2250000000
GOTO / 1.0523319757, 0.0369381220, -0.3000000000
GOTO / -0.1150000000, 0.0369381220, -0.3000000000
GOTO / -0.1150000000, -0.0369381220, -0.3000000000
GOTO / 1.0523319757, -0.0369381220, -0.3000000000
GOTO / 1.0523319757, 0.0369381220, -0.3000000000
GOTO / 1.0523319757, 0.0019650476, -0.3000000000
GOTO / 1.0523319757, 0.0019650476, -0.3750000000
GOTO / -0.1150000000, 0.0019650476, -0.3750000000
GOTO / -0.1150000000, -0.0019650476, -0.3750000000
GOTO / 1.0523319757, -0.0019650476, -0.3750000000
GOTO / 1.0523319757, 0.0019650476, -0.3750000000
GOTO / 1.0523319757, 0.0019650476, 1.5000000000
ENDSUB 
DEFSUB / 7
RAPID 
GOTO / -0.2500000000, -1.9240168382, 1.5417629166,  $
0.0000000000, -0.7803641487, 0.6253253517
FEDRAT / 10.000000,  IPM
GOTO / -0.2500000000, -1.7289258011, 1.3854315787,  $
0.0000000000, -0.7803641487, 0.6253253517
GOTO / 1.1873319757, -1.7289258011, 1.3854315787,  $
0.0000000000, -0.7803641487, 0.6253253517
GOTO / 1.1873319757, -1.6826843601, 1.3682412840,  $
0.0000000000, -0.7758746853, 0.6308870522
GOTO / -0.2500000000, -1.6826850118, 1.3682415264,  $
0.0000000000, -0.7758747502, 0.6308869724
GOTO / -0.2500000000, -1.6364558404, 1.3510411728,  $
0.0000000000, -0.7711499808, 0.6366535220
GOTO / 1.1873319757, -1.6364547751, 1.3510407763,  $
0.0000000000, -0.7711498691, 0.6366536574
GOTO / 1.1873319757, -1.5902378324, 1.3338295132,  $
0.0000000000, -0.7661721729, 0.6426353565
GOTO / -0.2500000000, -1.5902392629, 1.3338300462,  $
0.0000000000, -0.7661723311, 0.6426351679
GOTO / -0.2500000000, -1.5440359593, 1.3166075069,  $
0.0000000000, -0.7609225971, 0.6488426629
GOTO / 1.1873319757, -1.5440344518, 1.3166069447,  $
0.0000000000, -0.7609224211, 0.6488428693
GOTO / 1.1873319757, -1.4978459725, 1.2993726152,  $
0.0000000000, -0.7553796402, 0.6552874172
GOTO / -0.2500000000, -1.4978472610, 1.2993730963,  $
0.0000000000, -0.7553797992, 0.6552872339
GOTO / -0.2500000000, -1.4516743580, 1.2821262376,  $
0.0000000000, -0.7495208887, 0.6619806926
GOTO / 1.1873319757, -1.4516735806, 1.2821259470,  $
0.0000000000, -0.7495207872, 0.6619808075
GOTO / 1.1873319757, -1.4055184325, 1.2648662807,  $
0.0000000000, -0.7433205237, 0.6689354222
GOTO / -0.2500000000, -1.4055186761, 1.2648663718,  $
0.0000000000, -0.7433205573, 0.6689353848
GOTO / -0.2500000000, -1.3593817535, 1.2475929077,  $
0.0000000000, -0.7367509603, 0.6761641978
GOTO / 1.1873319757, -1.3593816555, 1.2475928710,  $
0.0000000000, -0.7367509460, 0.6761642135
GOTO / 1.1873319757, -1.3132647555, 1.2303050354,  $
0.0000000000, -0.7297813439, 0.6836806199
GOTO / -0.2500000000, -1.3132651537, 1.2303051848,  $
0.0000000000, -0.7297814059, 0.6836805537
GOTO / -0.2500000000, -1.2985361824, 1.2247789119,  $
0.0000000000, -0.7274650176, 0.6861447720
GOTO / -0.2500000000, -1.2672130118, 1.2130184505,  $
0.0000000000, -0.7223850627, 0.6914910131
GOTO / 1.1873319757, -1.2672114053, 1.2130178470,  $
0.0000000000, -0.7223847966, 0.6914912911
GOTO / 1.1873319757, -1.2629285010, 1.2114089323,  $
0.0000000000, -0.7216734292, 0.6922336756
GOTO / -0.2500000000, -1.2629285010, 1.2114089323,  $
0.0000000000, -0.7216734292, 0.6922336756
GOTO / -0.2500000000, -1.2374371330, 1.2374366012,  $
0.0000000000, -0.7071069331, 0.7071066293
GOTO / 1.1873319757, -1.2374372812, 1.2374364529,  $
0.0000000000, -0.7071070178, 0.7071065445
GOTO / 1.1873319757, -1.2114089323, 1.2629285010,  $
0.0000000000, -0.6922336756, 0.7216734292
GOTO / -0.2500000000, -1.2114089323, 1.2629285010,  $
0.0000000000, -0.6922336756, 0.7216734292
GOTO / -0.2500000000, -1.2130258500, 1.2672327104,  $
0.0000000000, -0.6914876050, 0.7223883250
GOTO / 1.1873319757, -1.2130250514, 1.2672305843,  $
0.0000000000, -0.6914879729, 0.7223879729
GOTO / 1.1873319757, -1.2247789119, 1.2985361824,  $
0.0000000000, -0.6861447720, 0.7274650176
GOTO / 1.1873319757, -1.2303073049, 1.3132708057,  $
0.0000000000, -0.6836796141, 0.7297822862
GOTO / -0.2500000000, -1.2303079488, 1.3132725221,  $
0.0000000000, -0.6836793288, 0.7297825535
GOTO / -0.2500000000, -1.2475954775, 1.3593886131,  $
0.0000000000, -0.6761631018, 0.7367519663
GOTO / 1.1873319757, -1.2475949870, 1.3593873038,  $
0.0000000000, -0.6761633110, 0.7367517743
GOTO / 1.1873319757, -1.2648682625, 1.4055237291,  $
0.0000000000, -0.6689346085, 0.7433212560
GOTO / -0.2500000000, -1.2648686194, 1.4055246830,  $
0.0000000000, -0.6689344620, 0.7433213878
GOTO / -0.2500000000, -1.2821280395, 1.4516791794,  $
0.0000000000, -0.6619799802, 0.7495215179
GOTO / 1.1873319757, -1.2821278754, 1.4516787402,  $
0.0000000000, -0.6619800451, 0.7495214606
GOTO / 1.1873319757, -1.2993744097, 1.4978507791,  $
0.0000000000, -0.6552867337, 0.7553802332
GOTO / -0.2500000000, -1.2993743943, 1.4978507379,  $
0.0000000000, -0.6552867395, 0.7553802281
GOTO / -0.2500000000, -1.3166083305, 1.5440381678,  $
0.0000000000, -0.6488423606, 0.7609228549
GOTO / 1.1873319757, -1.3166084617, 1.5440385196,  $
0.0000000000, -0.6488423124, 0.7609228960
GOTO / 1.1873319757, -1.3338306663, 1.5902409272,  $
0.0000000000, -0.6426349485, 0.7661725152
GOTO / -0.2500000000, -1.3338305457, 1.5902406036,  $
0.0000000000, -0.6426349912, 0.7661724794
GOTO / -0.2500000000, -1.3510414709, 1.6364566413,  $
0.0000000000, -0.6366534203, 0.7711500648
GOTO / 1.1873319757, -1.3510415892, 1.6364569589,  $
0.0000000000, -0.6366533799, 0.7711500981
GOTO / 1.1873319757, -1.3682416780, 1.6826854195,  $
0.0000000000, -0.6308869225, 0.7758747908
GOTO / -0.2500000000, -1.3682416570, 1.6826853630,  $
0.0000000000, -0.6308869294, 0.7758747852
GOTO / -0.2500000000, -1.3854315787, 1.7289258011,  $
0.0000000000, -0.6253253517, 0.7803641487
GOTO / 1.1873319757, -1.3854315787, 1.7289258011,  $
0.0000000000, -0.6253253517, 0.7803641487
GOTO / 1.1873319757, -2.4665052776, 2.8099995000,  $
0.0000000000, -0.6253253517, 0.7803641487
ENDSUB 
ROTATE / AAXIS,  INCR,  -45.000000,  CCLW
TRANS / 0.0000000000, 0.0000000000, 2.2307509381
LOADTL / 1
$$-> CUTTER / 0.250000
$$-> CSYS / 1.0000000000, 0.0000000000, 0.0000000000, 0.0000000000,  $
            0.0000000000, 0.7071067812, -0.7071067812, -1.5773791155,  $
            0.0000000000, 0.7071067812, 0.7071067812, 1.5773791155
SPINDL / RPM, 450.000000,  CLW
COOLNT / FLOOD
RAPID 
GOTO / 0.9123319757, 0.0018573451, 1.5000000000,  $
0.0000000000, 0.0000000000, 1.0000000000
CALSUB / 6
TRANS / 0.0000000000, 0.0000000000, -2.2307509381
TRANS / 0.0000000000, 0.0000000000, 0.0000000000
$$-> END / 
$$-> FEATNO / 1784
ROTATE / AAXIS,  INCR,  -25.714286,  CCLW
TRANS / 0.0000000000, 0.0000000000, 2.2307509381
$$-> CSYS / 1.0000000000, 0.0000000000, 0.0000000000, 0.0000000000,  $
            0.0000000000, 0.3302790572, -0.9438833320, -2.1055686282,  $
            0.0000000000, 0.9438833320, 0.3302790572, 0.7367703168
RAPID 
GOTO / 0.9123319757, 0.0018573451, 1.5000000000,  $
0.0000000000, 0.0000000000, 1.0000000000
CALSUB / 6
TRANS / 0.0000000000, 0.0000000000, -2.2307509381
TRANS / 0.0000000000, 0.0000000000, 0.0000000000
$$-> END / 
$$-> FEATNO / 1784
ROTATE / AAXIS,  INCR,  -25.714286,  CCLW
TRANS / 0.0000000000, 0.0000000000, 2.2307509381
$$-> CSYS / 1.0000000000, 0.0000000000, 0.0000000000, 0.0000000000,  $
            0.0000000000, -0.1119644860, -0.9937122088, -2.2167244419,  $
            0.0000000000, 0.9937122088, -0.1119644860, -0.2497648822
RAPID 
GOTO / 0.9123319757, 0.0018573451, 1.5000000000,  $
0.0000000000, 0.0000000000, 1.0000000000
CALSUB / 6
TRANS / 0.0000000000, 0.0000000000, -2.2307509381
TRANS / 0.0000000000, 0.0000000000, 0.0000000000
$$-> END / 
$$-> FEATNO / 1784
ROTATE / AAXIS,  INCR,  -25.714286,  CCLW
TRANS / 0.0000000000, 0.0000000000, 2.2307509381
$$-> CSYS / 1.0000000000, 0.0000000000, 0.0000000000, 0.0000000000,  $
            0.0000000000, -0.5320320892, -0.8467241913, -1.8888307840,  $
            0.0000000000, 0.8467241913, -0.5320320892, -1.1868310820
RAPID 
GOTO / 0.9123319757, 0.0018573451, 1.5000000000,  $
0.0000000000, 0.0000000000, 1.0000000000
CALSUB / 6
TRANS / 0.0000000000, 0.0000000000, -2.2307509381
TRANS / 0.0000000000, 0.0000000000, 0.0000000000
$$-> END / 
$$-> FEATNO / 1784
ROTATE / AAXIS,  INCR,  -25.714286,  CCLW
TRANS / 0.0000000000, 0.0000000000, 2.2307509381
$$-> CSYS / 1.0000000000, 0.0000000000, 0.0000000000, 0.0000000000,  $
            0.0000000000, -0.8467242098, -0.5320320596, -1.1868310161,  $
            0.0000000000, 0.5320320596, -0.8467242098, -1.8888308254
RAPID 
GOTO / 0.9123319757, 0.0018573451, 1.5000000000,  $
0.0000000000, 0.0000000000, 1.0000000000
CALSUB / 6
TRANS / 0.0000000000, 0.0000000000, -2.2307509381
TRANS / 0.0000000000, 0.0000000000, 0.0000000000
$$-> END / 
$$-> FEATNO / 1784
ROTATE / AAXIS,  INCR,  -25.714286,  CCLW
TRANS / 0.0000000000, 0.0000000000, 2.2307509381
$$-> CSYS / 1.0000000000, 0.0000000000, 0.0000000000, 0.0000000000,  $
            0.0000000000, -0.9937122127, -0.1119644513, -0.2497648048,  $
            0.0000000000, 0.1119644513, -0.9937122127, -2.2167244506
RAPID 
GOTO / 0.9123319757, 0.0018573451, 1.5000000000,  $
0.0000000000, 0.0000000000, 1.0000000000
CALSUB / 6
TRANS / 0.0000000000, 0.0000000000, -2.2307509381
TRANS / 0.0000000000, 0.0000000000, 0.0000000000
$$-> END / 
$$-> FEATNO / 1784
ROTATE / AAXIS,  INCR,  -25.714286,  CCLW
TRANS / 0.0000000000, 0.0000000000, 2.2307509381
$$-> CSYS / 1.0000000000, 0.0000000000, 0.0000000000, 0.0000000000,  $
            0.0000000000, -0.9438833204, 0.3302790902, 0.7367703903,  $
            0.0000000000, -0.3302790902, -0.9438833204, -2.1055686025
RAPID 
GOTO / 0.9123319757, 0.0018573451, 1.5000000000,  $
0.0000000000, 0.0000000000, 1.0000000000
CALSUB / 6
TRANS / 0.0000000000, 0.0000000000, -2.2307509381
TRANS / 0.0000000000, 0.0000000000, 0.0000000000
$$-> END / 
$$-> FEATNO / 1784
ROTATE / AAXIS,  INCR,  -25.714286,  CCLW
TRANS / 0.0000000000, 0.0000000000, 2.2307509381
$$-> CSYS / 1.0000000000, 0.0000000000, 0.0000000000, 0.0000000000,  $
            0.0000000000, -0.7071067565, 0.7071068059, 1.5773791705,  $
            0.0000000000, -0.7071068059, -0.7071067565, -1.5773790604
RAPID 
GOTO / 0.9123319757, 0.0018573451, 1.5000000000,  $
0.0000000000, 0.0000000000, 1.0000000000
CALSUB / 6
TRANS / 0.0000000000, 0.0000000000, -2.2307509381
TRANS / 0.0000000000, 0.0000000000, 0.0000000000
$$-> END / 
$$-> FEATNO / 1784
ROTATE / AAXIS,  INCR,  -25.714286,  CCLW
TRANS / 0.0000000000, 0.0000000000, 2.2307509381
$$-> CSYS / 1.0000000000, 0.0000000000, 0.0000000000, 0.0000000000,  $
            0.0000000000, -0.3302790243, 0.9438833435, 2.1055686539,  $
            0.0000000000, -0.9438833435, -0.3302790243, -0.7367702433
RAPID 
GOTO / 0.9123319757, 0.0018573451, 1.5000000000,  $
0.0000000000, 0.0000000000, 1.0000000000
CALSUB / 6
TRANS / 0.0000000000, 0.0000000000, -2.2307509381
TRANS / 0.0000000000, 0.0000000000, 0.0000000000
$$-> END / 
$$-> FEATNO / 1784
ROTATE / AAXIS,  INCR,  -25.714286,  CCLW
TRANS / 0.0000000000, 0.0000000000, 2.2307509381
$$-> CSYS / 1.0000000000, 0.0000000000, 0.0000000000, 0.0000000000,  $
            0.0000000000, 0.1119645207, 0.9937122049, 2.2167244332,  $
            0.0000000000, -0.9937122049, 0.1119645207, 0.2497649596
RAPID 
GOTO / 0.9123319757, 0.0018573451, 1.5000000000,  $
0.0000000000, 0.0000000000, 1.0000000000
CALSUB / 6
TRANS / 0.0000000000, 0.0000000000, -2.2307509381
TRANS / 0.0000000000, 0.0000000000, 0.0000000000
$$-> END / 
$$-> FEATNO / 1784
ROTATE / AAXIS,  INCR,  -25.714286,  CCLW
TRANS / 0.0000000000, 0.0000000000, 2.2307509381
$$-> CSYS / 1.0000000000, 0.0000000000, 0.0000000000, 0.0000000000,  $
            0.0000000000, 0.5320321187, 0.8467241727, 1.8888307425,  $
            0.0000000000, -0.8467241727, 0.5320321187, 1.1868311480
RAPID 
GOTO / 0.9123319757, 0.0018573451, 1.5000000000,  $
0.0000000000, 0.0000000000, 1.0000000000
CALSUB / 6
TRANS / 0.0000000000, 0.0000000000, -2.2307509381
TRANS / 0.0000000000, 0.0000000000, 0.0000000000
$$-> END / 
$$-> FEATNO / 1784
ROTATE / AAXIS,  INCR,  -25.714286,  CCLW
TRANS / 0.0000000000, 0.0000000000, 2.2307509381
$$-> CSYS / 1.0000000000, 0.0000000000, 0.0000000000, 0.0000000000,  $
            0.0000000000, 0.8467242284, 0.5320320301, 1.1868309502,  $
            0.0000000000, -0.5320320301, 0.8467242284, 1.8888308668
RAPID 
GOTO / 0.9123319757, 0.0018573451, 1.5000000000,  $
0.0000000000, 0.0000000000, 1.0000000000
CALSUB / 6
TRANS / 0.0000000000, 0.0000000000, -2.2307509381
TRANS / 0.0000000000, 0.0000000000, 0.0000000000
$$-> END / 
$$-> FEATNO / 1784
ROTATE / AAXIS,  INCR,  -25.714286,  CCLW
TRANS / 0.0000000000, 0.0000000000, 2.2307509381
$$-> CSYS / 1.0000000000, 0.0000000000, 0.0000000000, 0.0000000000,  $
            0.0000000000, 0.9937122166, 0.1119644166, 0.2497647275,  $
            0.0000000000, -0.1119644166, 0.9937122166, 2.2167244594
RAPID 
GOTO / 0.9123319757, 0.0018573451, 1.5000000000,  $
0.0000000000, 0.0000000000, 1.0000000000
CALSUB / 6
TRANS / 0.0000000000, 0.0000000000, -2.2307509381
TRANS / 0.0000000000, 0.0000000000, 0.0000000000
$$-> END / 
$$-> FEATNO / 1784
ROTATE / AAXIS,  INCR,  -25.714286,  CCLW
TRANS / 0.0000000000, 0.0000000000, 2.2307509381
$$-> CSYS / 1.0000000000, 0.0000000000, 0.0000000000, 0.0000000000,  $
            0.0000000000, 0.9438833089, -0.3302791231, -0.7367704638,  $
            0.0000000000, 0.3302791231, 0.9438833089, 2.1055685768
RAPID 
GOTO / 0.9123319757, 0.0018573451, 1.5000000000,  $
0.0000000000, 0.0000000000, 1.0000000000
CALSUB / 6
TRANS / 0.0000000000, 0.0000000000, -2.2307509381
TRANS / 0.0000000000, 0.0000000000, 0.0000000000
$$-> END / 
$$-> FEATNO / 1892
ROTATE / AAXIS,  INCR,  19.285718,  CCLW
COOLNT / OFF
SPINDL / OFF
LOADTL / 2
$$-> CUTTER / 0.100000
$$-> CSYS / 1.0000000000, 0.0000000000, 0.0000000000, 0.0000000000,  $
            0.0000000000, 0.7071067812, -0.7071067812, -1.5773791155,  $
            0.0000000000, 0.7071067812, 0.7071067812, 1.5773791155
SPINDL / RPM, 450.000000,  CLW
MULTAX / ON
COOLNT / FLOOD
RAPID 
GOTO / -0.2500000000, -2.8293793496, 2.4471254280,  $
0.0000000000, -0.7803641487, 0.6253253517
CALSUB / 7
$$-> END / 
$$-> FEATNO / 1892
ROTATE / AAXIS,  INCR,  -25.714286,  CCLW
$$-> CSYS / 1.0000000000, 0.0000000000, 0.0000000000, 0.0000000000,  $
            0.0000000000, 0.3302790572, -0.9438833320, -2.1055686282,  $
            0.0000000000, 0.9438833320, 0.3302790572, 0.7367703168
MULTAX / ON
RAPID 
GOTO / -0.2500000000, -2.8293793496, 2.4471254280,  $
0.0000000000, -0.7803641487, 0.6253253517
CALSUB / 7
$$-> END / 
$$-> FEATNO / 1892
ROTATE / AAXIS,  INCR,  -25.714286,  CCLW
$$-> CSYS / 1.0000000000, 0.0000000000, 0.0000000000, 0.0000000000,  $
            0.0000000000, -0.1119644860, -0.9937122088, -2.2167244419,  $
            0.0000000000, 0.9937122088, -0.1119644860, -0.2497648822
MULTAX / ON
RAPID 
GOTO / -0.2500000000, -2.8293793496, 2.4471254280,  $
0.0000000000, -0.7803641487, 0.6253253517
CALSUB / 7
$$-> END / 
$$-> FEATNO / 1892
ROTATE / AAXIS,  INCR,  -25.714286,  CCLW
$$-> CSYS / 1.0000000000, 0.0000000000, 0.0000000000, 0.0000000000,  $
            0.0000000000, -0.5320320892, -0.8467241913, -1.8888307840,  $
            0.0000000000, 0.8467241913, -0.5320320892, -1.1868310820
MULTAX / ON
RAPID 
GOTO / -0.2500000000, -2.8293793496, 2.4471254280,  $
0.0000000000, -0.7803641487, 0.6253253517
CALSUB / 7
$$-> END / 
$$-> FEATNO / 1892
ROTATE / AAXIS,  INCR,  -25.714286,  CCLW
$$-> CSYS / 1.0000000000, 0.0000000000, 0.0000000000, 0.0000000000,  $
            0.0000000000, -0.8467242098, -0.5320320596, -1.1868310161,  $
            0.0000000000, 0.5320320596, -0.8467242098, -1.8888308254
MULTAX / ON
RAPID 
GOTO / -0.2500000000, -2.8293793496, 2.4471254280,  $
0.0000000000, -0.7803641487, 0.6253253517
CALSUB / 7
$$-> END / 
$$-> FEATNO / 1892
ROTATE / AAXIS,  INCR,  -25.714286,  CCLW
$$-> CSYS / 1.0000000000, 0.0000000000, 0.0000000000, 0.0000000000,  $
            0.0000000000, -0.9937122127, -0.1119644513, -0.2497648048,  $
            0.0000000000, 0.1119644513, -0.9937122127, -2.2167244506
MULTAX / ON
RAPID 
GOTO / -0.2500000000, -2.8293793496, 2.4471254280,  $
0.0000000000, -0.7803641487, 0.6253253517
CALSUB / 7
$$-> END / 
$$-> FEATNO / 1892
ROTATE / AAXIS,  INCR,  -25.714286,  CCLW
$$-> CSYS / 1.0000000000, 0.0000000000, 0.0000000000, 0.0000000000,  $
            0.0000000000, -0.9438833204, 0.3302790902, 0.7367703903,  $
            0.0000000000, -0.3302790902, -0.9438833204, -2.1055686025
MULTAX / ON
RAPID 
GOTO / -0.2500000000, -2.8293793496, 2.4471254280,  $
0.0000000000, -0.7803641487, 0.6253253517
CALSUB / 7
$$-> END / 
$$-> FEATNO / 1892
ROTATE / AAXIS,  INCR,  -25.714286,  CCLW
$$-> CSYS / 1.0000000000, 0.0000000000, 0.0000000000, 0.0000000000,  $
            0.0000000000, -0.7071067565, 0.7071068059, 1.5773791705,  $
            0.0000000000, -0.7071068059, -0.7071067565, -1.5773790604
MULTAX / ON
RAPID 
GOTO / -0.2500000000, -2.8293793496, 2.4471254280,  $
0.0000000000, -0.7803641487, 0.6253253517
CALSUB / 7
$$-> END / 
$$-> FEATNO / 1892
ROTATE / AAXIS,  INCR,  -25.714286,  CCLW
$$-> CSYS / 1.0000000000, 0.0000000000, 0.0000000000, 0.0000000000,  $
            0.0000000000, -0.3302790243, 0.9438833435, 2.1055686539,  $
            0.0000000000, -0.9438833435, -0.3302790243, -0.7367702433
MULTAX / ON
RAPID 
GOTO / -0.2500000000, -2.8293793496, 2.4471254280,  $
0.0000000000, -0.7803641487, 0.6253253517
CALSUB / 7
$$-> END / 
$$-> FEATNO / 1892
ROTATE / AAXIS,  INCR,  -25.714286,  CCLW
$$-> CSYS / 1.0000000000, 0.0000000000, 0.0000000000, 0.0000000000,  $
            0.0000000000, 0.1119645207, 0.9937122049, 2.2167244332,  $
            0.0000000000, -0.9937122049, 0.1119645207, 0.2497649596
MULTAX / ON
RAPID 
GOTO / -0.2500000000, -2.8293793496, 2.4471254280,  $
0.0000000000, -0.7803641487, 0.6253253517
CALSUB / 7
$$-> END / 
$$-> FEATNO / 1892
ROTATE / AAXIS,  INCR,  -25.714286,  CCLW
$$-> CSYS / 1.0000000000, 0.0000000000, 0.0000000000, 0.0000000000,  $
            0.0000000000, 0.5320321187, 0.8467241727, 1.8888307425,  $
            0.0000000000, -0.8467241727, 0.5320321187, 1.1868311480
MULTAX / ON
RAPID 
GOTO / -0.2500000000, -2.8293793496, 2.4471254280,  $
0.0000000000, -0.7803641487, 0.6253253517
CALSUB / 7
$$-> END / 
$$-> FEATNO / 1892
ROTATE / AAXIS,  INCR,  -25.714286,  CCLW
$$-> CSYS / 1.0000000000, 0.0000000000, 0.0000000000, 0.0000000000,  $
            0.0000000000, 0.8467242284, 0.5320320301, 1.1868309502,  $
            0.0000000000, -0.5320320301, 0.8467242284, 1.8888308668
MULTAX / ON
RAPID 
GOTO / -0.2500000000, -2.8293793496, 2.4471254280,  $
0.0000000000, -0.7803641487, 0.6253253517
CALSUB / 7
$$-> END / 
$$-> FEATNO / 1892
ROTATE / AAXIS,  INCR,  -25.714286,  CCLW
$$-> CSYS / 1.0000000000, 0.0000000000, 0.0000000000, 0.0000000000,  $
            0.0000000000, 0.9937122166, 0.1119644166, 0.2497647275,  $
            0.0000000000, -0.1119644166, 0.9937122166, 2.2167244594
MULTAX / ON
RAPID 
GOTO / -0.2500000000, -2.8293793496, 2.4471254280,  $
0.0000000000, -0.7803641487, 0.6253253517
CALSUB / 7
$$-> END / 
$$-> FEATNO / 1892
ROTATE / AAXIS,  INCR,  -25.714286,  CCLW
$$-> CSYS / 1.0000000000, 0.0000000000, 0.0000000000, 0.0000000000,  $
            0.0000000000, 0.9438833089, -0.3302791231, -0.7367704638,  $
            0.0000000000, 0.3302791231, 0.9438833089, 2.1055685768
MULTAX / ON
RAPID 
GOTO / -0.2500000000, -2.8293793496, 2.4471254280,  $
0.0000000000, -0.7803641487, 0.6253253517
CALSUB / 7
ROTATE / AAXIS,  INCR,  -25.714282,  CCLW
COOLNT / OFF
SPINDL / OFF
$$-> END / 
FINI 
