thru-mazewheel.sat 13
        1.0000000000         0.0000000000         0.0000000000 
        0.0000000000         1.0000000000         0.0000000000 
        0.0000000000         0.0000000000         1.0000000000 
        0.0000000000         0.0000000000         0.0000000000 
sh-r44366-000-u.sat 16
       -1.0000000000         0.0000000000         0.0000000000 
        0.0000000000         0.0000000000         1.0000000000 
        0.0000000000         1.0000000000         0.0000000000 
        0.1030000000        -0.0955000000         0.3330000000 
sh-r44359-000-u.sat 14
       -0.5447199980         0.0000000000         0.8386179844 
        0.8386179844         0.0000000000         0.5447199980 
        0.0000000000         1.0000000000         0.0000000000 
       -0.0000000000         0.1020000000        -0.0000000000 
sh-r44360-000-u.sat 15
        0.3872407557         0.0000000000         0.9219786316 
        0.9219786316         0.0000000000        -0.3872407557 
        0.0000000000         1.0000000000         0.0000000000 
       -0.0000000000         0.1640000000        -0.0000000000 
sh-r44363-000-u-compressed.sat 441
       -0.3387379202         0.0000000000        -0.9408807690 
        0.0000000000         1.0000000000         0.0000000000 
        0.9408807690         0.0000000000        -0.3387379202 
       -0.3370000000        -0.0340000000         0.1320000000 
s418fr7p28ld.sat 445
       -1.0000000000         0.0000000000         0.0000000000 
        0.0000000000        -1.0000000000         0.0000000000 
        0.0000000000         0.0000000000         1.0000000000 
        0.0625000000         0.1863000000        -0.0000000000 
s418fr7p28ld.sat 448
        1.0000000000         0.0000000000         0.0000000000 
        0.0000000000         1.0000000000         0.0000000000 
        0.0000000000         0.0000000000         1.0000000000 
       -0.0625000000        -0.0243000000        -0.0000000000 
