K : $ return
K : $ mpos :; /O U U
K : GM
K : $ return
K : $ /mo ap
K : D
K : SM
K :  BR 1
K :  SRT C
K : OKAY
K : $ mpos :; /do df
K :  AA OF
K :  PAF
K :  V RC OF
K :  ! V CP OF
K :  ! V CL OF
K : OKAY
K :  ASF
K :  V ATN OF
K : OKAY
K : OKAY
AP: 1 8 Change View
AP: 1 0 0 0 0
AP:  0.0            0.0            0.0
AP:  1.000000       0.0            0.0
AP:  0.0            1.000000       0.0
AP:  0.0            0.0            1.000000
AP:  0.1250000      2.520000       2.520000       15.00000
AP: -1.000000      -1.000000      -1.000000
AP:  1.000000       1.000000       1.000000
K : $ return
K : $ mpos :; /DO SO
K :  HS
K :  HB ON
K : OKAY
K :  OU ON
K :  OC 0
K : OKAY
K : $ return
K : $ mpos :; /DO LH
K :  LI
K :  I OF
K :  SE OF
K : OKAY
K : OKAY
K : $ return
K : $ mpos :; /DO LH
K :  LI
K :  SI OF
K : OKAY
K : OKAY
K : $ return
K : $ mpos :; /ma ma
K :  ET 2;
K :  G
K : CANC
AP: 1 8 Change View
AP: 1 0 0 0 0
AP:  0.06312103     0.02886085    -0.09005877
AP:  1.000000       0.0            0.0
AP:  0.0            1.000000       0.0
AP:  0.0            0.0            1.000000
AP:  0.01364275     2.633700       2.633700       15.00000
AP: -1.000000      -1.000000      -1.000000
AP:  1.000000       1.000000       1.000000
K : $ return
K : $ mpos :; /v v pe of; e 3 4 5 0; okay
AP: 1 8 Change View
AP: 1 0 0 0 0
AP:  0.06312103     0.02886085    -0.09005877
AP:  0.8574929      0.0           -0.5144958
AP: -0.2910428      0.8246211     -0.4850713
AP:  0.4242640      0.5656855      0.7071067
AP:  0.01364275     2.633700       2.633700       15.00000
AP: -1.000000      -1.000000      -1.000000
AP:  1.000000       1.000000       1.000000
K : $ return
K : $ AU
AP: 1 8 Change View
AP: 1 0 0 0 0
AP:  0.06312103     0.02886085    -0.09005877
AP:  0.8574929      0.0           -0.5144958
AP: -0.2910428      0.8246211     -0.4850713
AP:  0.4242640      0.5656855      0.7071067
AP:  0.02251380     2.633700       2.633700       15.00000
AP: -1.000000      -1.000000      -1.000000
AP:  1.000000       1.000000       1.000000
K : $ /mo ap
K : ALL
K : 
K :  V Tr 50
K :  ! V Tv1 ON
K : OKAY
K : $ mpos :; /ma ma
K :  ET 13;
K :  G
K : CANC
K : $ return
K : $ AU
AP: 1 8 Change View
AP: 1 0 0 0 0
AP:  0.08117046     0.01478171    -0.06303939
AP:  0.8574929      0.0           -0.5144958
AP: -0.2910428      0.8246211     -0.4850713
AP:  0.4242640      0.5656855      0.7071067
AP:  0.1348458      2.633700       2.633700       15.00000
AP: -1.000000      -1.000000      -1.000000
AP:  1.000000       1.000000       1.000000
K : mg 1.4
AP: 1 8 Change View
AP: 1 0 0 0 0
AP:  0.08117046     0.01478171    -0.06303939
AP:  0.8574929      0.0           -0.5144958
AP: -0.2910428      0.8246211     -0.4850713
AP:  0.4242640      0.5656855      0.7071067
AP:  0.09631844     2.633700       2.633700       15.00000
AP: -1.000000      -1.000000      -1.000000
AP:  1.000000       1.000000       1.000000
K : $ mpos :; /DO LH
K :  LI
K : CANC
K : CANC
K : $ return
K : $ $ $ /ta MA
K : $ mpos :; /F PR R
K :  FIL symbols.prg
K : OKAY
K : $ return
E : **** END OF SESSION ****
